12.0, 1.0, 0.83, 0.01, 80, 5812.3378906250000000, 42.55, 374
32.0, 1.0, 0.83, 0.03, 50, 5812.3378906250000000, 29.20, 748
12.0, 1.0, 1.00, 0.01, 50, 5812.3378906250000000, 42.88, 528
20.0, 1.0, 0.83, 0.01, 25, 5812.3378906250000000, 42.78, 550
20.0, 1.0, 0.85, 0.00, 40, 5812.3378906250000000, 42.91, 572
4.0, 1.0, 1.00, 0.03, 30, 5700.1523437500000000, 58.96, 176
12.0, 1.0, 0.85, 0.03, 50, 5812.3378906250000000, 50.16, 418
12.0, 1.0, 0.99, 0.00, 80, 5812.3378906250000000, 50.54, 484
12.0, 1.0, 0.98, 0.01, 40, 5812.3378906250000000, 51.00, 462
32.0, 1.0, 0.99, 0.01, 50, 5812.3378906250000000, 42.07, 858
4.0, 1.0, 0.83, 0.00, 25, 5649.8383789062500000, 65.63, 0
12.0, 1.0, 0.87, 0.02, 25, 5812.3378906250000000, 51.61, 440
20.0, 1.0, 0.85, 0.02, 80, 5812.3378906250000000, 50.26, 594
12.0, 1.0, 0.99, 0.03, 30, 5812.3378906250000000, 51.39, 506
64.0, 1.0, 0.83, 0.02, 80, 5812.3378906250000000, 42.41, 924
32.0, 1.0, 1.00, 0.01, 25, 5812.3378906250000000, 42.91, 880
64.0, 1.0, 1.00, 0.00, 30, 5812.3378906250000000, 41.55, 1056
20.0, 1.0, 0.87, 0.01, 30, 5812.3378906250000000, 51.10, 616
8.0, 1.0, 0.87, 0.00, 40, 5633.4643554687500000, 64.70, 242
20.0, 1.0, 0.98, 0.00, 50, 5812.3378906250000000, 51.08, 638
64.0, 1.0, 1.00, 0.03, 50, 5812.3378906250000000, 41.81, 1078
32.0, 1.0, 0.85, 0.02, 25, 5812.3378906250000000, 45.12, 770
64.0, 1.0, 0.98, 0.02, 40, 5812.3378906250000000, 42.92, 1012
20.0, 1.0, 0.99, 0.00, 25, 5812.3378906250000000, 51.79, 660
64.0, 1.0, 0.99, 0.01, 80, 5812.3378906250000000, 43.08, 1034
20.0, 1.0, 0.99, 0.02, 40, 5812.3378906250000000, 54.94, 682
20.0, 1.0, 1.00, 0.01, 80, 5812.3378906250000000, 51.09, 704
32.0, 1.0, 0.83, 0.00, 30, 5812.3378906250000000, 51.13, 726
32.0, 1.0, 0.98, 0.03, 30, 5812.3378906250000000, 50.23, 836
32.0, 1.0, 0.87, 0.01, 40, 5812.3378906250000000, 51.67, 792
64.0, 1.0, 0.83, 0.00, 40, 5812.3378906250000000, 50.84, 902
64.0, 1.0, 0.87, 0.00, 50, 5812.3378906250000000, 50.46, 968
64.0, 1.0, 0.98, 0.00, 25, 5812.3378906250000000, 51.21, 990
32.0, 1.0, 0.83, 0.03, 80, 5812.3378906250000000, 28.97, 749
12.0, 1.0, 0.83, 0.01, 25, 5812.3378906250000000, 42.02, 375
12.0, 1.0, 0.85, 0.00, 30, 5812.3378906250000000, 80.60, 396
4.0, 1.0, 0.83, 0.02, 40, 5615.7734375000000000, 96.32, 22
8.0, 1.0, 0.87, 0.02, 80, 5610.7871093750000000, 94.12, 264
64.0, 1.0, 0.85, 0.01, 30, 5812.3378906250000000, 74.74, 946
20.0, 1.0, 0.83, 0.01, 30, 5812.3378906250000000, 41.61, 551
4.0, 1.0, 0.87, 0.00, 30, 5583.4941406250000000, 99.36, 66
8.0, 1.0, 0.85, 0.01, 25, 5578.8852539062500000, 99.12, 220
20.0, 1.0, 0.85, 0.00, 50, 5812.3378906250000000, 42.87, 573
12.0, 1.0, 1.00, 0.01, 80, 5812.3378906250000000, 43.73, 529
32.0, 1.0, 0.98, 0.00, 80, 5812.3378906250000000, 53.29, 814
32.0, 1.0, 0.99, 0.01, 80, 5812.3378906250000000, 42.50, 859
64.0, 1.0, 0.83, 0.03, 25, 5812.3378906250000000, 42.68, 925
32.0, 1.0, 1.00, 0.01, 30, 5812.3378906250000000, 42.82, 881
64.0, 1.0, 1.00, 0.00, 40, 5812.3378906250000000, 42.78, 1057
32.0, 1.0, 0.85, 0.00, 25, 5812.3378906250000000, 29.33, 750
64.0, 1.0, 0.98, 0.02, 50, 5812.3378906250000000, 42.65, 1013
32.0, 1.0, 0.85, 0.02, 30, 5812.3378906250000000, 43.63, 771
4.0, 1.0, 0.85, 0.01, 80, 5611.1616210937500000, 111.23, 44
64.0, 1.0, 0.99, 0.01, 25, 5812.3378906250000000, 44.74, 1035
12.0, 1.0, 0.85, 0.03, 80, 5812.3378906250000000, 51.31, 419
12.0, 1.0, 0.99, 0.00, 25, 5812.3378906250000000, 51.70, 485
20.0, 1.0, 0.85, 0.03, 25, 5812.3378906250000000, 51.60, 595
12.0, 1.0, 0.87, 0.02, 30, 5812.3378906250000000, 51.76, 441
12.0, 1.0, 0.98, 0.01, 50, 5812.3378906250000000, 52.18, 463
20.0, 1.0, 0.98, 0.00, 80, 5812.3378906250000000, 50.72, 639
12.0, 1.0, 0.99, 0.03, 40, 5812.3378906250000000, 51.64, 507
20.0, 1.0, 0.87, 0.01, 40, 5812.3378906250000000, 51.31, 617
20.0, 1.0, 0.99, 0.00, 30, 5812.3378906250000000, 51.73, 661
20.0, 1.0, 0.99, 0.02, 50, 5812.3378906250000000, 50.61, 683
32.0, 1.0, 0.83, 0.00, 40, 5812.3378906250000000, 51.22, 727
20.0, 1.0, 1.00, 0.01, 25, 5812.3378906250000000, 51.67, 705
32.0, 1.0, 0.98, 0.03, 40, 5812.3378906250000000, 51.39, 837
32.0, 1.0, 0.87, 0.01, 50, 5812.3378906250000000, 50.78, 793
64.0, 1.0, 0.87, 0.00, 80, 5812.3378906250000000, 50.92, 969
64.0, 1.0, 0.83, 0.00, 50, 5812.3378906250000000, 51.64, 903
64.0, 1.0, 0.98, 0.00, 30, 5812.3378906250000000, 51.81, 991
8.0, 1.0, 0.87, 0.00, 50, 5620.2495117187500000, 61.12, 243
4.0, 1.0, 0.83, 0.00, 30, 5655.9047851562500000, 67.87, 1
12.0, 1.0, 0.83, 0.01, 30, 5812.3378906250000000, 43.15, 376
32.0, 1.0, 0.85, 0.00, 30, 5812.3378906250000000, 29.22, 751
20.0, 1.0, 0.83, 0.01, 40, 5812.3378906250000000, 42.63, 552
20.0, 1.0, 0.85, 0.00, 80, 5812.3378906250000000, 42.85, 574
12.0, 1.0, 1.00, 0.02, 25, 5812.3378906250000000, 43.20, 530
32.0, 1.0, 0.99, 0.02, 25, 5812.3378906250000000, 43.18, 860
64.0, 1.0, 0.83, 0.03, 30, 5812.3378906250000000, 42.40, 926
64.0, 1.0, 1.00, 0.00, 50, 5812.3378906250000000, 42.05, 1058
32.0, 1.0, 1.00, 0.01, 40, 5812.3378906250000000, 42.85, 882
64.0, 1.0, 0.98, 0.02, 80, 5812.3378906250000000, 42.86, 1014
32.0, 1.0, 0.85, 0.02, 40, 5812.3378906250000000, 43.00, 772
64.0, 1.0, 0.99, 0.01, 30, 5812.3378906250000000, 43.20, 1036
32.0, 1.0, 0.98, 0.00, 25, 5812.3378906250000000, 54.55, 815
12.0, 1.0, 0.87, 0.00, 25, 5812.3378906250000000, 51.66, 420
12.0, 1.0, 0.99, 0.00, 30, 5812.3378906250000000, 51.12, 486
32.0, 1.0, 0.85, 0.00, 40, 5812.3378906250000000, 29.14, 752
20.0, 1.0, 0.85, 0.03, 30, 5812.3378906250000000, 50.88, 596
12.0, 1.0, 0.87, 0.02, 40, 5812.3378906250000000, 51.13, 442
20.0, 1.0, 0.98, 0.01, 25, 5812.3378906250000000, 51.08, 640
20.0, 1.0, 0.87, 0.01, 50, 5812.3378906250000000, 50.93, 618
12.0, 1.0, 0.98, 0.01, 80, 5812.3378906250000000, 52.04, 464
20.0, 1.0, 0.99, 0.00, 40, 5812.3378906250000000, 51.32, 662
12.0, 1.0, 0.99, 0.03, 50, 5812.3378906250000000, 53.51, 508
20.0, 1.0, 0.99, 0.02, 80, 5812.3378906250000000, 50.54, 684
12.0, 1.0, 0.85, 0.00, 40, 5812.3378906250000000, 78.29, 397
64.0, 1.0, 0.85, 0.01, 40, 5812.3378906250000000, 74.93, 947
32.0, 1.0, 0.83, 0.00, 50, 5812.3378906250000000, 50.93, 728
32.0, 1.0, 0.98, 0.03, 50, 5812.3378906250000000, 50.58, 838
4.0, 1.0, 0.87, 0.03, 50, 5578.2207031250000000, 175.13, 88
20.0, 1.0, 1.00, 0.01, 30, 5812.3378906250000000, 51.62, 706
32.0, 1.0, 0.87, 0.01, 80, 5812.3378906250000000, 51.22, 794
64.0, 1.0, 0.83, 0.00, 80, 5812.3378906250000000, 51.04, 904
64.0, 1.0, 0.87, 0.01, 25, 5812.3378906250000000, 52.06, 970
12.0, 1.0, 0.83, 0.01, 40, 5812.3378906250000000, 41.86, 377
64.0, 1.0, 0.98, 0.00, 40, 5812.3378906250000000, 50.80, 992
4.0, 1.0, 0.83, 0.02, 50, 5627.6748046875000000, 88.60, 23
20.0, 1.0, 0.83, 0.01, 50, 5812.3378906250000000, 42.97, 553
20.0, 1.0, 0.85, 0.00, 25, 5812.3378906250000000, 42.55, 575
8.0, 1.0, 0.87, 0.00, 80, 5636.3603515625000000, 59.19, 244
12.0, 1.0, 1.00, 0.02, 30, 5812.3378906250000000, 45.48, 531
32.0, 1.0, 0.99, 0.02, 30, 5812.3378906250000000, 42.48, 861
64.0, 1.0, 1.00, 0.00, 80, 5812.3378906250000000, 42.32, 1059
64.0, 1.0, 0.83, 0.03, 40, 5812.3378906250000000, 42.58, 927
32.0, 1.0, 1.00, 0.01, 50, 5812.3378906250000000, 43.03, 883
64.0, 1.0, 0.98, 0.03, 25, 5812.3378906250000000, 43.28, 1015
32.0, 1.0, 0.85, 0.02, 50, 5812.3378906250000000, 42.87, 773
32.0, 1.0, 0.85, 0.00, 50, 5812.3378906250000000, 29.05, 753
64.0, 1.0, 0.99, 0.01, 40, 5812.3378906250000000, 43.45, 1037
4.0, 1.0, 0.83, 0.00, 40, 5639.2353515625000000, 71.74, 2
32.0, 1.0, 0.98, 0.00, 30, 5812.3378906250000000, 51.94, 816
12.0, 1.0, 0.87, 0.00, 30, 5812.3378906250000000, 51.27, 421
20.0, 1.0, 0.85, 0.03, 40, 5812.3378906250000000, 51.01, 597
12.0, 1.0, 0.99, 0.00, 40, 5812.3378906250000000, 51.43, 487
12.0, 1.0, 0.87, 0.02, 50, 5812.3378906250000000, 51.27, 443
20.0, 1.0, 0.87, 0.01, 80, 5812.3378906250000000, 51.24, 619
20.0, 1.0, 0.98, 0.01, 30, 5812.3378906250000000, 51.54, 641
12.0, 1.0, 0.83, 0.01, 50, 5812.3378906250000000, 42.77, 378
12.0, 1.0, 0.98, 0.01, 25, 5812.3378906250000000, 52.35, 465
12.0, 1.0, 0.99, 0.03, 80, 5812.3378906250000000, 50.69, 509
20.0, 1.0, 0.99, 0.00, 50, 5812.3378906250000000, 51.14, 663
20.0, 1.0, 0.99, 0.03, 25, 5812.3378906250000000, 51.47, 685
32.0, 1.0, 0.85, 0.00, 80, 5812.3378906250000000, 28.96, 754
32.0, 1.0, 0.98, 0.03, 80, 5812.3378906250000000, 50.84, 839
32.0, 1.0, 0.83, 0.00, 80, 5812.3378906250000000, 51.16, 729
20.0, 1.0, 1.00, 0.01, 40, 5812.3378906250000000, 51.76, 707
20.0, 1.0, 0.83, 0.01, 80, 5812.3378906250000000, 42.62, 554
32.0, 1.0, 0.87, 0.01, 25, 5812.3378906250000000, 51.98, 795
64.0, 1.0, 0.83, 0.00, 25, 5812.3378906250000000, 51.75, 905
64.0, 1.0, 0.87, 0.01, 30, 5812.3378906250000000, 51.49, 971
64.0, 1.0, 0.98, 0.00, 50, 5812.3378906250000000, 51.15, 993
8.0, 1.0, 0.85, 0.01, 30, 5572.8203125000000000, 128.60, 221
20.0, 1.0, 0.85, 0.00, 30, 5812.3378906250000000, 43.18, 576
12.0, 1.0, 1.00, 0.02, 40, 5812.3378906250000000, 42.80, 532
4.0, 1.0, 0.85, 0.01, 25, 5595.6230468750000000, 124.12, 45
32.0, 1.0, 0.99, 0.02, 40, 5812.3378906250000000, 42.43, 862
64.0, 1.0, 1.00, 0.01, 25, 5812.3378906250000000, 42.93, 1060
64.0, 1.0, 0.83, 0.03, 50, 5812.3378906250000000, 42.81, 928
32.0, 1.0, 1.00, 0.01, 80, 5812.3378906250000000, 42.54, 884
64.0, 1.0, 0.98, 0.03, 30, 5812.3378906250000000, 42.44, 1016
32.0, 1.0, 0.85, 0.02, 80, 5812.3378906250000000, 42.28, 774
64.0, 1.0, 0.99, 0.01, 50, 5812.3378906250000000, 42.77, 1038
4.0, 1.0, 0.87, 0.00, 40, 5579.7402343750000000, 149.51, 67
12.0, 1.0, 0.85, 0.00, 50, 5812.3378906250000000, 78.81, 398
4.0, 1.0, 0.87, 0.03, 80, 5638.1899414062500000, 78.68, 89
32.0, 1.0, 0.85, 0.00, 25, 5812.3378906250000000, 29.32, 755
64.0, 1.0, 0.85, 0.01, 50, 5812.3378906250000000, 83.85, 948
32.0, 1.0, 0.98, 0.00, 40, 5812.3378906250000000, 52.01, 817
12.0, 1.0, 0.83, 0.01, 80, 5812.3378906250000000, 42.53, 379
12.0, 1.0, 0.87, 0.00, 40, 5812.3378906250000000, 50.65, 422
4.0, 1.0, 0.83, 0.02, 80, 5641.5361328125000000, 84.80, 24
20.0, 1.0, 0.83, 0.01, 25, 5812.3378906250000000, 42.69, 555
20.0, 1.0, 0.85, 0.03, 50, 5812.3378906250000000, 51.34, 598
12.0, 1.0, 0.99, 0.00, 50, 5812.3378906250000000, 51.40, 488
20.0, 1.0, 0.98, 0.01, 40, 5812.3378906250000000, 50.68, 642
20.0, 1.0, 0.87, 0.02, 25, 5812.3378906250000000, 51.79, 620
20.0, 1.0, 0.85, 0.00, 40, 5812.3378906250000000, 42.66, 577
12.0, 1.0, 0.87, 0.02, 80, 5812.3378906250000000, 52.96, 444
20.0, 1.0, 0.99, 0.00, 80, 5812.3378906250000000, 51.08, 664
12.0, 1.0, 1.00, 0.00, 25, 5812.3378906250000000, 51.50, 510
12.0, 1.0, 0.98, 0.01, 30, 5812.3378906250000000, 52.03, 466
20.0, 1.0, 0.99, 0.03, 30, 5812.3378906250000000, 51.85, 686
12.0, 1.0, 1.00, 0.02, 50, 5812.3378906250000000, 42.93, 533
4.0, 1.0, 0.83, 0.00, 50, 5672.3940429687500000, 72.55, 3
32.0, 1.0, 0.99, 0.00, 25, 5812.3378906250000000, 51.67, 840
32.0, 1.0, 0.83, 0.01, 25, 5812.3378906250000000, 52.09, 730
32.0, 1.0, 0.99, 0.02, 50, 5812.3378906250000000, 42.57, 863
8.0, 1.0, 0.98, 0.01, 30, 5567.4042968750000000, 275.98, 286
20.0, 1.0, 1.00, 0.01, 50, 5812.3378906250000000, 51.04, 708
32.0, 1.0, 0.87, 0.01, 30, 5812.3378906250000000, 50.97, 796
64.0, 1.0, 0.83, 0.03, 80, 5812.3378906250000000, 42.66, 929
64.0, 1.0, 1.00, 0.01, 30, 5812.3378906250000000, 42.90, 1061
64.0, 1.0, 0.87, 0.01, 40, 5812.3378906250000000, 51.14, 972
64.0, 1.0, 0.83, 0.00, 30, 5812.3378906250000000, 51.53, 906
64.0, 1.0, 0.98, 0.00, 80, 5812.3378906250000000, 51.04, 994
64.0, 1.0, 0.98, 0.03, 40, 5812.3378906250000000, 42.00, 1017
32.0, 1.0, 0.85, 0.03, 25, 5812.3378906250000000, 43.41, 775
32.0, 1.0, 1.00, 0.01, 25, 5812.3378906250000000, 44.93, 885
32.0, 1.0, 0.85, 0.00, 30, 5812.3378906250000000, 29.22, 756
64.0, 1.0, 0.99, 0.01, 80, 5812.3378906250000000, 46.07, 1039
8.0, 1.0, 0.83, 0.01, 50, 5574.4013671875000000, 301.87, 198
12.0, 1.0, 0.83, 0.02, 25, 5812.3378906250000000, 43.28, 380
20.0, 1.0, 0.83, 0.01, 30, 5812.3378906250000000, 42.98, 556
32.0, 1.0, 0.85, 0.00, 40, 5812.3378906250000000, 29.11, 757
20.0, 1.0, 0.85, 0.00, 50, 5812.3378906250000000, 42.73, 578
32.0, 1.0, 0.98, 0.00, 50, 5812.3378906250000000, 54.28, 818
12.0, 1.0, 1.00, 0.02, 80, 5812.3378906250000000, 41.97, 534
12.0, 1.0, 0.87, 0.00, 50, 5812.3378906250000000, 51.26, 423
20.0, 1.0, 0.85, 0.03, 80, 5812.3378906250000000, 50.58, 599
32.0, 1.0, 0.99, 0.02, 80, 5812.3378906250000000, 42.65, 864
12.0, 1.0, 0.99, 0.00, 80, 5812.3378906250000000, 51.00, 489
20.0, 1.0, 0.98, 0.01, 50, 5812.3378906250000000, 51.24, 643
64.0, 1.0, 1.00, 0.01, 40, 5812.3378906250000000, 43.00, 1062
64.0, 1.0, 0.85, 0.00, 25, 5812.3378906250000000, 43.23, 930
20.0, 1.0, 0.87, 0.02, 30, 5812.3378906250000000, 51.03, 621
64.0, 1.0, 0.98, 0.03, 50, 5812.3378906250000000, 42.48, 1018
12.0, 1.0, 1.00, 0.00, 30, 5812.3378906250000000, 51.06, 511
20.0, 1.0, 0.99, 0.00, 25, 5812.3378906250000000, 51.48, 665
12.0, 1.0, 0.87, 0.03, 25, 5812.3378906250000000, 51.97, 445
12.0, 1.0, 0.98, 0.01, 40, 5812.3378906250000000, 51.74, 467
32.0, 1.0, 0.85, 0.03, 30, 5812.3378906250000000, 43.23, 776
32.0, 1.0, 1.00, 0.01, 30, 5812.3378906250000000, 43.76, 886
32.0, 1.0, 0.99, 0.00, 30, 5812.3378906250000000, 51.23, 841
20.0, 1.0, 1.00, 0.01, 80, 5812.3378906250000000, 50.48, 709
20.0, 1.0, 0.99, 0.03, 40, 5812.3378906250000000, 53.76, 687
32.0, 1.0, 0.83, 0.01, 30, 5812.3378906250000000, 51.91, 731
12.0, 1.0, 0.85, 0.00, 80, 5812.3378906250000000, 79.08, 399
8.0, 1.0, 0.99, 0.00, 50, 5615.8378906250000000, 323.21, 308
64.0, 1.0, 0.85, 0.01, 80, 5812.3378906250000000, 73.58, 949
32.0, 1.0, 0.87, 0.01, 40, 5812.3378906250000000, 52.42, 797
64.0, 1.0, 0.87, 0.01, 50, 5812.3378906250000000, 51.25, 973
64.0, 1.0, 0.83, 0.00, 40, 5812.3378906250000000, 51.58, 907
64.0, 1.0, 0.98, 0.00, 25, 5812.3378906250000000, 51.96, 995
64.0, 1.0, 0.99, 0.02, 25, 5812.3378906250000000, 45.44, 1040
32.0, 1.0, 0.85, 0.00, 50, 5812.3378906250000000, 29.07, 758
4.0, 1.0, 0.83, 0.00, 80, 5654.4907226562500000, 66.33, 4
12.0, 1.0, 0.83, 0.02, 30, 5812.3378906250000000, 42.63, 381
8.0, 1.0, 0.87, 0.03, 25, 5576.8359375000000000, 256.02, 265
20.0, 1.0, 0.83, 0.01, 40, 5812.3378906250000000, 43.17, 557
20.0, 1.0, 0.85, 0.00, 80, 5812.3378906250000000, 42.49, 579
8.0, 1.0, 0.87, 0.00, 25, 5562.8491210937500000, 170.46, 245
12.0, 1.0, 1.00, 0.03, 25, 5812.3378906250000000, 43.46, 535
4.0, 1.0, 0.85, 0.01, 30, 5597.4345703125000000, 126.58, 46
32.0, 1.0, 0.99, 0.03, 25, 5812.3378906250000000, 42.68, 865
64.0, 1.0, 1.00, 0.01, 50, 5812.3378906250000000, 42.69, 1063
64.0, 1.0, 0.85, 0.00, 30, 5812.3378906250000000, 42.98, 931
8.0, 1.0, 0.85, 0.01, 40, 5583.8906250000000000, 136.26, 222
64.0, 1.0, 0.98, 0.03, 80, 5812.3378906250000000, 42.73, 1019
32.0, 1.0, 0.85, 0.03, 40, 5812.3378906250000000, 42.32, 777
12.0, 1.0, 0.87, 0.00, 80, 5812.3378906250000000, 51.10, 424
32.0, 1.0, 0.85, 0.00, 80, 5812.3378906250000000, 28.95, 759
32.0, 1.0, 1.00, 0.01, 40, 5812.3378906250000000, 45.69, 887
20.0, 1.0, 0.87, 0.00, 25, 5812.3378906250000000, 51.15, 600
32.0, 1.0, 0.98, 0.00, 80, 5812.3378906250000000, 54.98, 819
12.0, 1.0, 0.99, 0.01, 25, 5812.3378906250000000, 51.25, 490
20.0, 1.0, 0.98, 0.01, 80, 5812.3378906250000000, 50.78, 644
20.0, 1.0, 0.87, 0.02, 40, 5812.3378906250000000, 51.56, 622
12.0, 1.0, 0.87, 0.03, 30, 5812.3378906250000000, 50.81, 446
12.0, 1.0, 1.00, 0.00, 40, 5812.3378906250000000, 51.12, 512
20.0, 1.0, 0.99, 0.00, 30, 5812.3378906250000000, 50.97, 666
64.0, 1.0, 0.99, 0.02, 30, 5812.3378906250000000, 43.43, 1041
12.0, 1.0, 0.98, 0.01, 50, 5812.3378906250000000, 51.66, 468
32.0, 1.0, 0.99, 0.00, 40, 5812.3378906250000000, 50.67, 842
20.0, 1.0, 1.00, 0.02, 25, 5812.3378906250000000, 51.00, 710
20.0, 1.0, 0.99, 0.03, 50, 5812.3378906250000000, 51.61, 688
32.0, 1.0, 0.83, 0.01, 40, 5812.3378906250000000, 51.16, 732
64.0, 1.0, 0.87, 0.01, 80, 5812.3378906250000000, 51.03, 974
64.0, 1.0, 0.83, 0.00, 50, 5812.3378906250000000, 50.70, 908
32.0, 1.0, 0.87, 0.01, 50, 5812.3378906250000000, 51.45, 798
64.0, 1.0, 0.98, 0.00, 30, 5812.3378906250000000, 51.46, 996
12.0, 1.0, 0.83, 0.02, 40, 5812.3378906250000000, 43.02, 382
4.0, 1.0, 0.87, 0.00, 50, 5578.2114257812500000, 145.50, 68
20.0, 1.0, 0.83, 0.01, 50, 5812.3378906250000000, 42.74, 558
20.0, 1.0, 0.85, 0.01, 25, 5812.3378906250000000, 43.32, 580
32.0, 1.0, 0.85, 0.01, 25, 5812.3378906250000000, 29.33, 760
12.0, 1.0, 1.00, 0.03, 30, 5812.3378906250000000, 43.61, 536
32.0, 1.0, 0.99, 0.03, 30, 5812.3378906250000000, 42.16, 866
64.0, 1.0, 0.85, 0.02, 25, 5812.3378906250000000, 75.08, 950
64.0, 1.0, 1.00, 0.01, 80, 5812.3378906250000000, 42.45, 1064
64.0, 1.0, 0.85, 0.00, 40, 5812.3378906250000000, 42.73, 932
12.0, 1.0, 0.85, 0.01, 25, 5812.3378906250000000, 78.74, 400
64.0, 1.0, 0.99, 0.00, 25, 5812.3378906250000000, 43.26, 1020
32.0, 1.0, 0.85, 0.03, 50, 5812.3378906250000000, 42.88, 778
32.0, 1.0, 1.00, 0.01, 50, 5812.3378906250000000, 43.17, 888
12.0, 1.0, 0.87, 0.00, 25, 5812.3378906250000000, 51.68, 425
64.0, 1.0, 0.99, 0.02, 40, 5812.3378906250000000, 46.57, 1042
20.0, 1.0, 0.87, 0.00, 30, 5812.3378906250000000, 51.47, 601
20.0, 1.0, 0.98, 0.01, 25, 5812.3378906250000000, 51.25, 645
20.0, 1.0, 0.87, 0.02, 50, 5812.3378906250000000, 51.14, 623
20.0, 1.0, 0.99, 0.00, 40, 5812.3378906250000000, 50.69, 667
12.0, 1.0, 1.00, 0.00, 50, 5812.3378906250000000, 51.24, 513
12.0, 1.0, 0.87, 0.03, 40, 5812.3378906250000000, 51.49, 447
32.0, 1.0, 0.98, 0.01, 25, 5812.3378906250000000, 54.69, 820
12.0, 1.0, 0.99, 0.01, 30, 5812.3378906250000000, 54.29, 491
12.0, 1.0, 0.98, 0.01, 80, 5812.3378906250000000, 51.42, 469
32.0, 1.0, 0.85, 0.01, 30, 5812.3378906250000000, 29.22, 761
32.0, 1.0, 0.99, 0.00, 50, 5812.3378906250000000, 50.88, 843
20.0, 1.0, 1.00, 0.02, 30, 5812.3378906250000000, 51.16, 711
20.0, 1.0, 0.99, 0.03, 80, 5812.3378906250000000, 50.32, 689
32.0, 1.0, 0.83, 0.01, 50, 5812.3378906250000000, 51.74, 733
64.0, 1.0, 0.87, 0.01, 25, 5812.3378906250000000, 51.22, 975
64.0, 1.0, 0.83, 0.00, 80, 5812.3378906250000000, 51.51, 909
32.0, 1.0, 0.87, 0.01, 80, 5812.3378906250000000, 51.59, 799
12.0, 1.0, 0.83, 0.02, 50, 5812.3378906250000000, 42.43, 383
64.0, 1.0, 0.98, 0.00, 40, 5812.3378906250000000, 51.39, 997
20.0, 1.0, 0.83, 0.01, 80, 5812.3378906250000000, 42.50, 559
4.0, 1.0, 0.98, 0.00, 25, 5589.5590820312500000, 188.24, 90
20.0, 1.0, 0.85, 0.01, 30, 5812.3378906250000000, 42.74, 581
4.0, 1.0, 0.98, 0.02, 25, 5571.2714843750000000, 445.58, 110
32.0, 1.0, 0.99, 0.03, 40, 5812.3378906250000000, 42.35, 867
12.0, 1.0, 1.00, 0.03, 40, 5812.3378906250000000, 44.97, 537
64.0, 1.0, 1.00, 0.01, 25, 5812.3378906250000000, 43.20, 1065
8.0, 1.0, 0.83, 0.01, 80, 5627.2416992187500000, 147.57, 199
64.0, 1.0, 0.85, 0.00, 50, 5812.3378906250000000, 42.94, 933
4.0, 1.0, 0.83, 0.03, 25, 5578.0156250000000000, 181.71, 25
64.0, 1.0, 0.99, 0.00, 30, 5812.3378906250000000, 43.14, 1021
32.0, 1.0, 0.85, 0.03, 80, 5812.3378906250000000, 42.06, 779
32.0, 1.0, 0.85, 0.01, 40, 5812.3378906250000000, 29.11, 762
32.0, 1.0, 1.00, 0.01, 80, 5812.3378906250000000, 45.33, 889
8.0, 1.0, 0.85, 0.01, 50, 5571.4433593750000000, 100.86, 223
64.0, 1.0, 0.99, 0.02, 50, 5812.3378906250000000, 43.09, 1043
8.0, 1.0, 0.87, 0.00, 30, 5591.0913085937500000, 111.99, 246
12.0, 1.0, 0.87, 0.00, 30, 5812.3378906250000000, 51.39, 426
20.0, 1.0, 0.87, 0.00, 40, 5812.3378906250000000, 51.01, 602
20.0, 1.0, 0.98, 0.01, 30, 5812.3378906250000000, 51.15, 646
8.0, 1.0, 0.87, 0.03, 30, 5582.5424804687500000, 123.48, 266
12.0, 1.0, 0.83, 0.02, 80, 5812.3378906250000000, 41.37, 384
20.0, 1.0, 0.87, 0.02, 80, 5812.3378906250000000, 50.77, 624
12.0, 1.0, 1.00, 0.00, 80, 5812.3378906250000000, 50.42, 514
12.0, 1.0, 0.87, 0.03, 50, 5812.3378906250000000, 50.42, 448
20.0, 1.0, 0.99, 0.00, 50, 5812.3378906250000000, 51.22, 668
12.0, 1.0, 0.99, 0.01, 40, 5812.3378906250000000, 52.03, 492
64.0, 1.0, 0.85, 0.02, 30, 5812.3378906250000000, 74.53, 951
32.0, 1.0, 0.99, 0.00, 80, 5812.3378906250000000, 51.32, 844
12.0, 1.0, 0.98, 0.02, 25, 5812.3378906250000000, 53.70, 470
20.0, 1.0, 1.00, 0.00, 25, 5812.3378906250000000, 51.68, 690
32.0, 1.0, 0.98, 0.01, 30, 5812.3378906250000000, 56.46, 821
32.0, 1.0, 0.83, 0.01, 80, 5812.3378906250000000, 50.63, 734
4.0, 1.0, 0.85, 0.01, 40, 5610.6547851562500000, 122.55, 47
20.0, 1.0, 0.83, 0.02, 25, 5812.3378906250000000, 43.04, 560
64.0, 1.0, 0.87, 0.01, 30, 5812.3378906250000000, 51.07, 976
64.0, 1.0, 0.83, 0.01, 25, 5812.3378906250000000, 51.83, 910
20.0, 1.0, 1.00, 0.02, 40, 5812.3378906250000000, 55.03, 712
32.0, 1.0, 0.87, 0.02, 25, 5812.3378906250000000, 51.99, 800
20.0, 1.0, 0.85, 0.01, 40, 5812.3378906250000000, 43.06, 582
64.0, 1.0, 0.98, 0.00, 50, 5812.3378906250000000, 51.44, 998
12.0, 1.0, 0.85, 0.01, 30, 5812.3378906250000000, 79.15, 401
32.0, 1.0, 0.85, 0.01, 50, 5812.3378906250000000, 29.06, 763
12.0, 1.0, 1.00, 0.03, 50, 5812.3378906250000000, 42.65, 538
32.0, 1.0, 0.99, 0.03, 50, 5812.3378906250000000, 44.83, 868
64.0, 1.0, 0.85, 0.00, 80, 5812.3378906250000000, 42.73, 934
64.0, 1.0, 1.00, 0.01, 30, 5812.3378906250000000, 43.26, 1066
64.0, 1.0, 0.99, 0.00, 40, 5812.3378906250000000, 42.91, 1022
32.0, 1.0, 0.87, 0.00, 25, 5812.3378906250000000, 42.69, 780
32.0, 1.0, 1.00, 0.02, 25, 5812.3378906250000000, 42.91, 890
4.0, 1.0, 0.99, 0.01, 40, 5573.0742187500000000, 507.76, 132
64.0, 1.0, 0.99, 0.02, 80, 5812.3378906250000000, 44.77, 1044
32.0, 1.0, 0.85, 0.01, 80, 5812.3378906250000000, 28.95, 764
12.0, 1.0, 0.83, 0.03, 25, 5812.3378906250000000, 43.22, 385
4.0, 1.0, 0.87, 0.00, 80, 5606.1791992187500000, 128.58, 69
20.0, 1.0, 0.87, 0.00, 50, 5812.3378906250000000, 50.40, 603
12.0, 1.0, 0.87, 0.00, 40, 5812.3378906250000000, 51.37, 427
20.0, 1.0, 0.98, 0.01, 40, 5812.3378906250000000, 50.85, 647
20.0, 1.0, 0.83, 0.02, 30, 5812.3378906250000000, 42.82, 561
12.0, 1.0, 0.87, 0.03, 80, 5812.3378906250000000, 50.64, 449
20.0, 1.0, 0.99, 0.00, 80, 5812.3378906250000000, 51.00, 669
20.0, 1.0, 0.87, 0.03, 25, 5812.3378906250000000, 51.99, 625
12.0, 1.0, 1.00, 0.00, 25, 5812.3378906250000000, 51.64, 515
20.0, 1.0, 0.85, 0.01, 50, 5812.3378906250000000, 42.72, 583
12.0, 1.0, 0.99, 0.01, 50, 5812.3378906250000000, 51.37, 493
32.0, 1.0, 0.99, 0.00, 25, 5812.3378906250000000, 51.80, 845
20.0, 1.0, 1.00, 0.00, 30, 5812.3378906250000000, 51.01, 691
12.0, 1.0, 1.00, 0.03, 80, 5812.3378906250000000, 42.49, 539
32.0, 1.0, 0.83, 0.01, 25, 5812.3378906250000000, 51.83, 735
4.0, 1.0, 0.83, 0.00, 25, 5586.2568359375000000, 191.78, 5
64.0, 1.0, 0.87, 0.01, 40, 5812.3378906250000000, 51.52, 977
64.0, 1.0, 1.00, 0.01, 40, 5812.3378906250000000, 42.85, 1067
64.0, 1.0, 0.85, 0.00, 25, 5812.3378906250000000, 43.31, 935
20.0, 1.0, 1.00, 0.02, 50, 5812.3378906250000000, 51.09, 713
64.0, 1.0, 0.98, 0.00, 80, 5812.3378906250000000, 51.09, 999
64.0, 1.0, 0.99, 0.00, 50, 5812.3378906250000000, 42.49, 1023
12.0, 1.0, 0.98, 0.02, 30, 5812.3378906250000000, 55.64, 471
32.0, 1.0, 0.87, 0.00, 30, 5812.3378906250000000, 42.75, 781
32.0, 1.0, 0.87, 0.02, 30, 5812.3378906250000000, 52.06, 801
32.0, 1.0, 0.99, 0.03, 80, 5812.3378906250000000, 45.42, 869
32.0, 1.0, 0.98, 0.01, 40, 5812.3378906250000000, 55.06, 822
64.0, 1.0, 0.83, 0.01, 30, 5812.3378906250000000, 52.72, 911
8.0, 1.0, 0.85, 0.01, 80, 5620.3149414062500000, 72.25, 224
32.0, 1.0, 0.85, 0.01, 25, 5812.3378906250000000, 29.34, 765
32.0, 1.0, 1.00, 0.02, 30, 5812.3378906250000000, 45.95, 891
64.0, 1.0, 0.85, 0.02, 40, 5812.3378906250000000, 73.50, 952
64.0, 1.0, 0.99, 0.03, 25, 5812.3378906250000000, 46.62, 1045
12.0, 1.0, 0.83, 0.03, 30, 5812.3378906250000000, 42.77, 386
12.0, 1.0, 0.85, 0.01, 40, 5812.3378906250000000, 79.71, 402
4.0, 1.0, 0.85, 0.01, 50, 5618.0390625000000000, 83.88, 48
20.0, 1.0, 0.83, 0.02, 40, 5812.3378906250000000, 42.60, 562
20.0, 1.0, 0.85, 0.01, 80, 5812.3378906250000000, 42.99, 584
8.0, 1.0, 0.87, 0.00, 40, 5582.8212890625000000, 104.21, 247
20.0, 1.0, 0.87, 0.00, 80, 5812.3378906250000000, 50.48, 604
32.0, 1.0, 0.85, 0.01, 30, 5812.3378906250000000, 29.23, 766
12.0, 1.0, 0.87, 0.00, 50, 5812.3378906250000000, 51.00, 428
20.0, 1.0, 0.98, 0.01, 50, 5812.3378906250000000, 50.92, 648
20.0, 1.0, 0.87, 0.03, 30, 5812.3378906250000000, 51.27, 626
64.0, 1.0, 1.00, 0.01, 50, 5812.3378906250000000, 42.77, 1068
12.0, 1.0, 1.00, 0.00, 30, 5812.3378906250000000, 51.04, 516
12.0, 1.0, 0.98, 0.00, 25, 5812.3378906250000000, 51.82, 450
64.0, 1.0, 0.85, 0.00, 30, 5812.3378906250000000, 42.88, 936
32.0, 1.0, 0.87, 0.00, 40, 5812.3378906250000000, 41.86, 782
20.0, 1.0, 0.99, 0.01, 25, 5812.3378906250000000, 51.88, 670
64.0, 1.0, 0.99, 0.00, 80, 5812.3378906250000000, 42.57, 1024
12.0, 1.0, 0.99, 0.01, 80, 5812.3378906250000000, 50.02, 494
20.0, 1.0, 0.83, 0.00, 25, 5812.3378906250000000, 46.09, 540
32.0, 1.0, 1.00, 0.00, 25, 5812.3378906250000000, 44.72, 870
32.0, 1.0, 0.99, 0.00, 30, 5812.3378906250000000, 51.37, 846
20.0, 1.0, 1.00, 0.00, 40, 5812.3378906250000000, 51.46, 692
32.0, 1.0, 0.83, 0.01, 30, 5812.3378906250000000, 51.73, 736
64.0, 1.0, 0.87, 0.01, 50, 5812.3378906250000000, 51.21, 978
20.0, 1.0, 1.00, 0.02, 80, 5812.3378906250000000, 50.35, 714
4.0, 1.0, 1.00, 0.00, 80, 5583.6352539062500000, 587.12, 154
64.0, 1.0, 0.98, 0.01, 25, 5812.3378906250000000, 51.20, 1000
32.0, 1.0, 0.87, 0.02, 40, 5812.3378906250000000, 50.77, 802
32.0, 1.0, 0.98, 0.01, 50, 5812.3378906250000000, 52.37, 823
12.0, 1.0, 0.98, 0.02, 40, 5812.3378906250000000, 54.61, 472
32.0, 1.0, 1.00, 0.02, 40, 5812.3378906250000000, 43.60, 892
64.0, 1.0, 0.83, 0.01, 40, 5812.3378906250000000, 54.28, 912
64.0, 1.0, 0.99, 0.03, 30, 5812.3378906250000000, 42.68, 1046
12.0, 1.0, 0.83, 0.03, 40, 5812.3378906250000000, 42.04, 387
4.0, 1.0, 0.83, 0.03, 30, 5599.2021484375000000, 153.65, 26
32.0, 1.0, 0.85, 0.01, 40, 5812.3378906250000000, 29.12, 767
20.0, 1.0, 0.83, 0.02, 50, 5812.3378906250000000, 42.57, 563
20.0, 1.0, 0.85, 0.01, 25, 5812.3378906250000000, 45.52, 585
64.0, 1.0, 0.85, 0.00, 40, 5812.3378906250000000, 41.79, 937
64.0, 1.0, 1.00, 0.01, 80, 5812.3378906250000000, 42.40, 1069
32.0, 1.0, 0.87, 0.00, 50, 5812.3378906250000000, 42.80, 783
64.0, 1.0, 0.99, 0.00, 25, 5812.3378906250000000, 42.84, 1025
20.0, 1.0, 0.83, 0.00, 30, 5812.3378906250000000, 42.94, 541
32.0, 1.0, 1.00, 0.00, 30, 5812.3378906250000000, 43.31, 871
20.0, 1.0, 0.87, 0.00, 25, 5812.3378906250000000, 51.21, 605
20.0, 1.0, 0.98, 0.01, 80, 5812.3378906250000000, 49.81, 649
12.0, 1.0, 0.87, 0.00, 80, 5812.3378906250000000, 50.68, 429
64.0, 1.0, 0.85, 0.02, 50, 5812.3378906250000000, 73.59, 953
20.0, 1.0, 0.87, 0.03, 40, 5812.3378906250000000, 50.81, 627
12.0, 1.0, 0.98, 0.00, 30, 5812.3378906250000000, 50.93, 451
12.0, 1.0, 1.00, 0.00, 40, 5812.3378906250000000, 51.15, 517
20.0, 1.0, 0.99, 0.01, 30, 5812.3378906250000000, 50.98, 671
12.0, 1.0, 0.99, 0.01, 25, 5812.3378906250000000, 51.75, 495
32.0, 1.0, 0.85, 0.01, 50, 5812.3378906250000000, 29.07, 768
8.0, 1.0, 0.98, 0.01, 40, 5587.4770507812500000, 355.81, 287
32.0, 1.0, 0.99, 0.00, 40, 5812.3378906250000000, 51.64, 847
20.0, 1.0, 1.00, 0.00, 50, 5812.3378906250000000, 51.34, 693
32.0, 1.0, 1.00, 0.02, 50, 5812.3378906250000000, 43.91, 893
32.0, 1.0, 0.83, 0.01, 40, 5812.3378906250000000, 50.53, 737
64.0, 1.0, 0.87, 0.01, 80, 5812.3378906250000000, 51.06, 979
20.0, 1.0, 1.00, 0.03, 25, 5812.3378906250000000, 51.52, 715
64.0, 1.0, 0.98, 0.01, 30, 5812.3378906250000000, 50.52, 1001
32.0, 1.0, 0.87, 0.02, 50, 5812.3378906250000000, 51.18, 803
8.0, 1.0, 1.00, 0.00, 25, 5590.9843750000000000, 632.93, 330
32.0, 1.0, 0.98, 0.01, 80, 5812.3378906250000000, 52.16, 824
64.0, 1.0, 0.83, 0.01, 50, 5812.3378906250000000, 50.85, 913
12.0, 1.0, 0.98, 0.02, 50, 5812.3378906250000000, 51.51, 473
64.0, 1.0, 0.99, 0.03, 40, 5812.3378906250000000, 44.55, 1047
12.0, 1.0, 0.83, 0.03, 50, 5812.3378906250000000, 42.59, 388
12.0, 1.0, 0.85, 0.01, 50, 5812.3378906250000000, 79.02, 403
20.0, 1.0, 0.83, 0.02, 80, 5812.3378906250000000, 42.44, 564
4.0, 1.0, 0.98, 0.00, 30, 5577.2167968750000000, 213.66, 91
20.0, 1.0, 0.85, 0.01, 30, 5812.3378906250000000, 42.88, 586
32.0, 1.0, 0.85, 0.01, 80, 5812.3378906250000000, 28.96, 769
64.0, 1.0, 0.85, 0.00, 50, 5812.3378906250000000, 42.88, 938
4.0, 1.0, 0.87, 0.01, 25, 5643.1606445312500000, 141.90, 70
64.0, 1.0, 1.00, 0.02, 25, 5812.3378906250000000, 43.04, 1070
32.0, 1.0, 0.87, 0.00, 80, 5812.3378906250000000, 42.61, 784
64.0, 1.0, 0.99, 0.00, 30, 5812.3378906250000000, 42.88, 1026
20.0, 1.0, 0.83, 0.00, 40, 5812.3378906250000000, 44.06, 542
32.0, 1.0, 1.00, 0.00, 40, 5812.3378906250000000, 43.21, 872
4.0, 1.0, 0.85, 0.01, 80, 5616.7871093750000000, 108.75, 49
20.0, 1.0, 0.87, 0.00, 30, 5812.3378906250000000, 50.46, 606
20.0, 1.0, 0.98, 0.02, 25, 5812.3378906250000000, 51.07, 650
12.0, 1.0, 0.87, 0.01, 25, 5812.3378906250000000, 51.81, 430
20.0, 1.0, 0.87, 0.03, 50, 5812.3378906250000000, 51.19, 628
12.0, 1.0, 0.98, 0.00, 40, 5812.3378906250000000, 51.37, 452
12.0, 1.0, 1.00, 0.00, 50, 5812.3378906250000000, 51.26, 518
20.0, 1.0, 0.99, 0.01, 40, 5812.3378906250000000, 50.95, 672
12.0, 1.0, 0.99, 0.01, 30, 5812.3378906250000000, 51.14, 496
8.0, 1.0, 0.87, 0.03, 40, 5578.0302734375000000, 209.27, 267
32.0, 1.0, 1.00, 0.02, 80, 5812.3378906250000000, 48.59, 894
32.0, 1.0, 0.99, 0.00, 50, 5812.3378906250000000, 51.37, 848
20.0, 1.0, 1.00, 0.00, 80, 5812.3378906250000000, 51.24, 694
32.0, 1.0, 0.83, 0.01, 50, 5812.3378906250000000, 51.45, 738
12.0, 1.0, 0.83, 0.03, 80, 5812.3378906250000000, 42.73, 389
64.0, 1.0, 0.99, 0.03, 50, 5812.3378906250000000, 44.91, 1048
64.0, 1.0, 0.98, 0.01, 40, 5812.3378906250000000, 51.11, 1002
64.0, 1.0, 0.87, 0.02, 25, 5812.3378906250000000, 52.01, 980
20.0, 1.0, 1.00, 0.03, 30, 5812.3378906250000000, 51.58, 716
32.0, 1.0, 0.87, 0.02, 80, 5812.3378906250000000, 51.48, 804
12.0, 1.0, 0.98, 0.02, 80, 5812.3378906250000000, 49.92, 474
64.0, 1.0, 0.83, 0.01, 80, 5812.3378906250000000, 50.66, 914
8.0, 1.0, 0.87, 0.00, 50, 5613.1567382812500000, 121.08, 248
32.0, 1.0, 0.98, 0.01, 25, 5812.3378906250000000, 53.84, 825
20.0, 1.0, 0.83, 0.03, 25, 5812.3378906250000000, 42.90, 565
64.0, 1.0, 0.85, 0.02, 80, 5812.3378906250000000, 73.01, 954
20.0, 1.0, 0.85, 0.01, 40, 5812.3378906250000000, 43.17, 587
64.0, 1.0, 0.85, 0.00, 80, 5812.3378906250000000, 42.83, 939
64.0, 1.0, 1.00, 0.02, 30, 5812.3378906250000000, 42.78, 1071
64.0, 1.0, 0.99, 0.00, 40, 5812.3378906250000000, 42.66, 1027
32.0, 1.0, 0.87, 0.00, 25, 5812.3378906250000000, 45.15, 785
20.0, 1.0, 0.83, 0.00, 50, 5812.3378906250000000, 43.32, 543
32.0, 1.0, 1.00, 0.00, 50, 5812.3378906250000000, 42.21, 873
12.0, 1.0, 0.85, 0.01, 80, 5812.3378906250000000, 78.49, 404
20.0, 1.0, 0.87, 0.00, 40, 5812.3378906250000000, 51.06, 607
20.0, 1.0, 0.98, 0.02, 30, 5812.3378906250000000, 50.41, 651
32.0, 1.0, 1.00, 0.03, 25, 5812.3378906250000000, 44.69, 895
12.0, 1.0, 0.87, 0.01, 30, 5812.3378906250000000, 51.72, 431
12.0, 1.0, 0.85, 0.00, 25, 5812.3378906250000000, 42.70, 390
20.0, 1.0, 0.87, 0.03, 80, 5812.3378906250000000, 50.97, 629
12.0, 1.0, 0.98, 0.00, 50, 5812.3378906250000000, 50.66, 453
12.0, 1.0, 1.00, 0.00, 80, 5812.3378906250000000, 50.63, 519
64.0, 1.0, 0.99, 0.03, 80, 5812.3378906250000000, 42.67, 1049
12.0, 1.0, 0.99, 0.01, 40, 5812.3378906250000000, 51.30, 497
4.0, 1.0, 0.83, 0.03, 40, 5622.4907226562500000, 129.94, 27
32.0, 1.0, 0.99, 0.00, 80, 5812.3378906250000000, 50.27, 849
20.0, 1.0, 1.00, 0.00, 25, 5812.3378906250000000, 50.28, 695
32.0, 1.0, 0.83, 0.01, 80, 5812.3378906250000000, 50.42, 739
20.0, 1.0, 0.99, 0.01, 50, 5812.3378906250000000, 57.74, 673
20.0, 1.0, 0.83, 0.03, 30, 5812.3378906250000000, 42.87, 566
20.0, 1.0, 1.00, 0.03, 40, 5812.3378906250000000, 50.67, 717
64.0, 1.0, 0.98, 0.01, 50, 5812.3378906250000000, 51.54, 1003
64.0, 1.0, 0.87, 0.02, 30, 5812.3378906250000000, 51.93, 981
32.0, 1.0, 0.87, 0.03, 25, 5812.3378906250000000, 52.26, 805
64.0, 1.0, 0.83, 0.01, 25, 5812.3378906250000000, 51.37, 915
12.0, 1.0, 0.98, 0.03, 25, 5812.3378906250000000, 52.35, 475
20.0, 1.0, 0.85, 0.01, 50, 5812.3378906250000000, 45.05, 588
64.0, 1.0, 0.85, 0.01, 25, 5812.3378906250000000, 43.36, 940
64.0, 1.0, 1.00, 0.02, 40, 5812.3378906250000000, 43.06, 1072
64.0, 1.0, 0.99, 0.00, 50, 5812.3378906250000000, 42.87, 1028
32.0, 1.0, 0.98, 0.01, 30, 5812.3378906250000000, 55.44, 826
8.0, 1.0, 1.00, 0.00, 30, 5674.6918945312500000, 111.75, 331
20.0, 1.0, 0.83, 0.00, 80, 5812.3378906250000000, 42.23, 544
32.0, 1.0, 0.87, 0.00, 30, 5812.3378906250000000, 43.14, 786
32.0, 1.0, 1.00, 0.00, 80, 5812.3378906250000000, 42.66, 874
8.0, 1.0, 0.85, 0.01, 25, 5574.6162109375000000, 216.76, 225
8.0, 1.0, 0.99, 0.00, 80, 5618.4785156250000000, 426.67, 309
4.0, 1.0, 0.98, 0.02, 30, 5568.7685546875000000, 318.36, 111
4.0, 1.0, 0.87, 0.01, 30, 5580.3164062500000000, 102.79, 71
4.0, 1.0, 0.83, 0.00, 30, 5585.5019531250000000, 238.83, 6
12.0, 1.0, 0.85, 0.00, 30, 5812.3378906250000000, 42.49, 391
64.0, 1.0, 0.85, 0.03, 25, 5812.3378906250000000, 74.34, 955
32.0, 1.0, 1.00, 0.03, 30, 5812.3378906250000000, 45.47, 896
64.0, 1.0, 1.00, 0.00, 25, 5812.3378906250000000, 43.13, 1050
20.0, 1.0, 0.98, 0.02, 40, 5812.3378906250000000, 51.39, 652
12.0, 1.0, 0.87, 0.01, 40, 5812.3378906250000000, 51.42, 432
20.0, 1.0, 0.87, 0.00, 50, 5812.3378906250000000, 54.59, 608
20.0, 1.0, 0.83, 0.03, 40, 5812.3378906250000000, 42.34, 567
8.0, 1.0, 1.00, 0.02, 40, 5583.7109375000000000, 775.64, 352
20.0, 1.0, 0.98, 0.00, 25, 5812.3378906250000000, 51.02, 630
12.0, 1.0, 0.98, 0.00, 80, 5812.3378906250000000, 51.31, 454
12.0, 1.0, 1.00, 0.01, 25, 5812.3378906250000000, 51.72, 520
12.0, 1.0, 0.99, 0.01, 50, 5812.3378906250000000, 51.32, 498
20.0, 1.0, 1.00, 0.00, 30, 5812.3378906250000000, 50.95, 696
8.0, 1.0, 0.83, 0.02, 25, 5580.0703125000000000, 338.66, 200
32.0, 1.0, 0.99, 0.01, 25, 5812.3378906250000000, 51.96, 850
32.0, 1.0, 0.83, 0.02, 25, 5812.3378906250000000, 51.72, 740
20.0, 1.0, 0.85, 0.01, 80, 5812.3378906250000000, 42.81, 589
20.0, 1.0, 1.00, 0.03, 50, 5812.3378906250000000, 50.77, 718
64.0, 1.0, 0.98, 0.01, 80, 5812.3378906250000000, 50.88, 1004
64.0, 1.0, 1.00, 0.02, 50, 5812.3378906250000000, 42.38, 1073
64.0, 1.0, 0.85, 0.01, 30, 5812.3378906250000000, 43.05, 941
64.0, 1.0, 0.99, 0.00, 80, 5812.3378906250000000, 42.45, 1029
64.0, 1.0, 0.87, 0.02, 40, 5812.3378906250000000, 51.67, 982
20.0, 1.0, 0.99, 0.01, 80, 5812.3378906250000000, 54.95, 674
32.0, 1.0, 0.87, 0.00, 40, 5812.3378906250000000, 41.74, 787
32.0, 1.0, 0.87, 0.03, 30, 5812.3378906250000000, 51.92, 806
64.0, 1.0, 0.83, 0.01, 30, 5812.3378906250000000, 51.26, 916
32.0, 1.0, 1.00, 0.00, 25, 5812.3378906250000000, 42.70, 875
8.0, 1.0, 0.87, 0.00, 80, 5608.5297851562500000, 103.22, 249
12.0, 1.0, 0.98, 0.03, 30, 5812.3378906250000000, 51.76, 476
20.0, 1.0, 0.83, 0.00, 25, 5812.3378906250000000, 45.90, 545
32.0, 1.0, 0.98, 0.01, 40, 5812.3378906250000000, 55.39, 827
12.0, 1.0, 0.85, 0.01, 25, 5812.3378906250000000, 90.91, 405
12.0, 1.0, 0.85, 0.00, 40, 5812.3378906250000000, 41.88, 392
32.0, 1.0, 1.00, 0.03, 40, 5812.3378906250000000, 43.62, 897
64.0, 1.0, 1.00, 0.00, 30, 5812.3378906250000000, 47.59, 1051
20.0, 1.0, 0.83, 0.03, 50, 5812.3378906250000000, 42.94, 568
20.0, 1.0, 0.98, 0.02, 50, 5812.3378906250000000, 50.46, 653
12.0, 1.0, 0.87, 0.01, 50, 5812.3378906250000000, 51.16, 433
20.0, 1.0, 0.87, 0.00, 80, 5812.3378906250000000, 50.84, 609
20.0, 1.0, 0.98, 0.00, 30, 5812.3378906250000000, 51.19, 631
12.0, 1.0, 0.98, 0.00, 25, 5812.3378906250000000, 51.66, 455
12.0, 1.0, 1.00, 0.01, 30, 5812.3378906250000000, 51.19, 521
64.0, 1.0, 1.00, 0.02, 80, 5812.3378906250000000, 42.67, 1074
20.0, 1.0, 0.85, 0.02, 25, 5812.3378906250000000, 44.94, 590
64.0, 1.0, 0.85, 0.01, 40, 5812.3378906250000000, 42.64, 942
12.0, 1.0, 0.99, 0.01, 80, 5812.3378906250000000, 50.84, 499
64.0, 1.0, 0.99, 0.01, 25, 5812.3378906250000000, 43.19, 1030
32.0, 1.0, 0.87, 0.00, 50, 5812.3378906250000000, 42.46, 788
32.0, 1.0, 1.00, 0.00, 30, 5812.3378906250000000, 42.96, 876
20.0, 1.0, 1.00, 0.00, 40, 5812.3378906250000000, 51.45, 697
4.0, 1.0, 1.00, 0.03, 40, 5579.3481445312500000, 781.58, 177
20.0, 1.0, 0.83, 0.00, 30, 5812.3378906250000000, 42.57, 546
32.0, 1.0, 0.99, 0.01, 30, 5812.3378906250000000, 51.95, 851
20.0, 1.0, 1.00, 0.03, 80, 5812.3378906250000000, 50.48, 719
32.0, 1.0, 0.83, 0.02, 30, 5812.3378906250000000, 51.81, 741
64.0, 1.0, 0.98, 0.01, 25, 5812.3378906250000000, 51.67, 1005
64.0, 1.0, 0.87, 0.02, 50, 5812.3378906250000000, 51.39, 983
32.0, 1.0, 0.87, 0.03, 40, 5812.3378906250000000, 51.89, 807
64.0, 1.0, 0.83, 0.01, 40, 5812.3378906250000000, 51.59, 917
64.0, 1.0, 0.85, 0.03, 30, 5812.3378906250000000, 74.04, 956
12.0, 1.0, 0.98, 0.03, 40, 5812.3378906250000000, 51.27, 477
20.0, 1.0, 0.99, 0.01, 25, 5812.3378906250000000, 56.11, 675
4.0, 1.0, 0.83, 0.03, 50, 5632.3388671875000000, 123.62, 28
12.0, 1.0, 0.85, 0.00, 50, 5812.3378906250000000, 42.69, 393
32.0, 1.0, 0.98, 0.01, 50, 5812.3378906250000000, 52.63, 828
32.0, 1.0, 1.00, 0.03, 50, 5812.3378906250000000, 44.76, 898
20.0, 1.0, 0.83, 0.03, 80, 5812.3378906250000000, 42.49, 569
4.0, 1.0, 0.83, 0.00, 40, 5622.2207031250000000, 94.91, 7
64.0, 1.0, 1.00, 0.00, 40, 5812.3378906250000000, 46.69, 1052
4.0, 1.0, 0.98, 0.00, 40, 5583.8500976562500000, 215.13, 92
8.0, 1.0, 0.87, 0.03, 50, 5574.4013671875000000, 190.69, 268
64.0, 1.0, 1.00, 0.03, 25, 5812.3378906250000000, 42.80, 1075
20.0, 1.0, 0.85, 0.02, 30, 5812.3378906250000000, 43.57, 591
64.0, 1.0, 0.85, 0.01, 50, 5812.3378906250000000, 43.61, 943
64.0, 1.0, 0.99, 0.01, 30, 5812.3378906250000000, 43.15, 1031
20.0, 1.0, 0.98, 0.02, 80, 5812.3378906250000000, 50.20, 654
32.0, 1.0, 0.87, 0.00, 80, 5812.3378906250000000, 43.77, 789
32.0, 1.0, 1.00, 0.00, 40, 5812.3378906250000000, 42.96, 877
12.0, 1.0, 0.87, 0.01, 80, 5812.3378906250000000, 51.14, 434
20.0, 1.0, 0.87, 0.01, 25, 5812.3378906250000000, 51.84, 610
20.0, 1.0, 0.98, 0.00, 40, 5812.3378906250000000, 50.91, 632
20.0, 1.0, 0.83, 0.00, 40, 5812.3378906250000000, 44.49, 547
12.0, 1.0, 1.00, 0.01, 40, 5812.3378906250000000, 51.46, 522
12.0, 1.0, 0.98, 0.00, 30, 5812.3378906250000000, 51.92, 456
12.0, 1.0, 0.99, 0.02, 25, 5812.3378906250000000, 51.16, 500
20.0, 1.0, 1.00, 0.00, 50, 5812.3378906250000000, 50.26, 698
8.0, 1.0, 0.85, 0.01, 30, 5570.4218750000000000, 135.70, 226
32.0, 1.0, 0.99, 0.01, 40, 5812.3378906250000000, 51.55, 852
32.0, 1.0, 0.83, 0.02, 40, 5812.3378906250000000, 51.06, 742
32.0, 1.0, 0.83, 0.00, 25, 5812.3378906250000000, 51.83, 720
12.0, 1.0, 0.85, 0.01, 30, 5812.3378906250000000, 78.79, 406
8.0, 1.0, 0.98, 0.01, 50, 5578.6230468750000000, 261.16, 288
64.0, 1.0, 0.98, 0.01, 30, 5812.3378906250000000, 50.95, 1006
64.0, 1.0, 0.87, 0.02, 80, 5812.3378906250000000, 51.18, 984
4.0, 1.0, 0.99, 0.01, 50, 5591.4780273437500000, 389.37, 133
32.0, 1.0, 0.87, 0.03, 50, 5812.3378906250000000, 51.42, 808
64.0, 1.0, 0.83, 0.01, 50, 5812.3378906250000000, 50.68, 918
12.0, 1.0, 0.98, 0.03, 50, 5812.3378906250000000, 51.62, 478
12.0, 1.0, 0.85, 0.00, 80, 5812.3378906250000000, 42.58, 394
20.0, 1.0, 0.99, 0.01, 30, 5812.3378906250000000, 51.69, 676
32.0, 1.0, 1.00, 0.03, 80, 5812.3378906250000000, 45.49, 899
32.0, 1.0, 0.98, 0.01, 80, 5812.3378906250000000, 51.93, 829
64.0, 1.0, 1.00, 0.00, 50, 5812.3378906250000000, 42.26, 1053
20.0, 1.0, 0.85, 0.00, 25, 5812.3378906250000000, 45.83, 570
4.0, 1.0, 0.87, 0.01, 40, 5577.6606445312500000, 149.92, 72
8.0, 1.0, 0.87, 0.01, 25, 5574.5014648437500000, 122.72, 250
64.0, 1.0, 1.00, 0.03, 30, 5812.3378906250000000, 43.05, 1076
64.0, 1.0, 0.99, 0.01, 40, 5812.3378906250000000, 42.97, 1032
4.0, 1.0, 0.85, 0.02, 25, 5572.4780273437500000, 246.27, 50
64.0, 1.0, 0.85, 0.03, 40, 5812.3378906250000000, 74.43, 957
64.0, 1.0, 0.85, 0.01, 80, 5812.3378906250000000, 43.49, 944
32.0, 1.0, 0.87, 0.01, 25, 5812.3378906250000000, 43.20, 790
32.0, 1.0, 1.00, 0.00, 50, 5812.3378906250000000, 42.55, 878
20.0, 1.0, 0.85, 0.02, 40, 5812.3378906250000000, 47.86, 592
20.0, 1.0, 0.83, 0.00, 50, 5812.3378906250000000, 44.23, 548
20.0, 1.0, 0.98, 0.03, 25, 5812.3378906250000000, 51.98, 655
12.0, 1.0, 0.87, 0.01, 25, 5812.3378906250000000, 50.70, 435
20.0, 1.0, 0.87, 0.01, 30, 5812.3378906250000000, 51.21, 611
20.0, 1.0, 0.98, 0.00, 50, 5812.3378906250000000, 51.19, 633
12.0, 1.0, 1.00, 0.01, 50, 5812.3378906250000000, 51.02, 523
12.0, 1.0, 0.98, 0.00, 40, 5812.3378906250000000, 51.43, 457
12.0, 1.0, 0.99, 0.02, 30, 5812.3378906250000000, 51.62, 501
20.0, 1.0, 1.00, 0.00, 80, 5812.3378906250000000, 50.82, 699
32.0, 1.0, 0.83, 0.02, 50, 5812.3378906250000000, 50.33, 743
12.0, 1.0, 0.85, 0.00, 25, 5812.3378906250000000, 43.03, 395
32.0, 1.0, 0.99, 0.01, 50, 5812.3378906250000000, 52.45, 853
32.0, 1.0, 0.83, 0.00, 30, 5812.3378906250000000, 51.74, 721
64.0, 1.0, 0.98, 0.01, 40, 5812.3378906250000000, 51.16, 1007
64.0, 1.0, 0.87, 0.03, 25, 5812.3378906250000000, 51.94, 985
64.0, 1.0, 0.83, 0.01, 80, 5812.3378906250000000, 50.82, 919
32.0, 1.0, 0.87, 0.03, 80, 5812.3378906250000000, 51.22, 809
12.0, 1.0, 0.98, 0.03, 80, 5812.3378906250000000, 50.80, 479
64.0, 1.0, 0.83, 0.00, 25, 5812.3378906250000000, 43.75, 900
20.0, 1.0, 0.99, 0.01, 40, 5812.3378906250000000, 50.96, 677
20.0, 1.0, 0.85, 0.00, 30, 5812.3378906250000000, 43.16, 571
64.0, 1.0, 1.00, 0.00, 80, 5812.3378906250000000, 45.79, 1054
64.0, 1.0, 1.00, 0.03, 40, 5812.3378906250000000, 43.10, 1077
32.0, 1.0, 0.98, 0.02, 25, 5812.3378906250000000, 52.86, 830
64.0, 1.0, 0.99, 0.01, 50, 5812.3378906250000000, 42.21, 1033
64.0, 1.0, 0.85, 0.01, 25, 5812.3378906250000000, 42.96, 945
32.0, 1.0, 0.87, 0.01, 30, 5812.3378906250000000, 42.72, 791
32.0, 1.0, 1.00, 0.00, 80, 5812.3378906250000000, 42.90, 879
20.0, 1.0, 0.85, 0.02, 50, 5812.3378906250000000, 44.85, 593
12.0, 1.0, 0.85, 0.01, 40, 5812.3378906250000000, 77.99, 407
20.0, 1.0, 0.83, 0.00, 80, 5812.3378906250000000, 42.54, 549
20.0, 1.0, 0.98, 0.03, 30, 5812.3378906250000000, 50.92, 656
12.0, 1.0, 0.87, 0.01, 30, 5812.3378906250000000, 51.77, 436
20.0, 1.0, 0.98, 0.00, 80, 5812.3378906250000000, 50.76, 634
20.0, 1.0, 0.87, 0.01, 40, 5812.3378906250000000, 51.13, 612
12.0, 1.0, 1.00, 0.01, 80, 5812.3378906250000000, 49.82, 524
12.0, 1.0, 0.98, 0.00, 50, 5812.3378906250000000, 51.14, 458
12.0, 1.0, 0.99, 0.02, 40, 5812.3378906250000000, 51.23, 502
20.0, 1.0, 1.00, 0.01, 25, 5812.3378906250000000, 51.30, 700
32.0, 1.0, 0.83, 0.02, 80, 5812.3378906250000000, 50.73, 744
64.0, 1.0, 0.85, 0.03, 50, 5812.3378906250000000, 74.37, 958
64.0, 1.0, 0.98, 0.01, 50, 5812.3378906250000000, 51.49, 1008
32.0, 1.0, 0.83, 0.00, 40, 5812.3378906250000000, 52.08, 722
64.0, 1.0, 0.83, 0.00, 30, 5812.3378906250000000, 46.41, 901
32.0, 1.0, 0.99, 0.01, 80, 5812.3378906250000000, 53.96, 854
64.0, 1.0, 0.87, 0.03, 30, 5812.3378906250000000, 51.69, 986
64.0, 1.0, 0.83, 0.02, 25, 5812.3378906250000000, 52.23, 920
32.0, 1.0, 0.98, 0.00, 25, 5812.3378906250000000, 51.95, 810
64.0, 1.0, 1.00, 0.00, 25, 5812.3378906250000000, 44.36, 1055
12.0, 1.0, 0.99, 0.00, 25, 5812.3378906250000000, 51.78, 480
20.0, 1.0, 0.99, 0.01, 50, 5812.3378906250000000, 51.16, 678
8.0, 1.0, 0.83, 0.02, 30, 5581.0073242187500000, 218.26, 201
32.0, 1.0, 0.98, 0.02, 30, 5812.3378906250000000, 52.50, 831
8.0, 1.0, 0.85, 0.01, 40, 5587.1210937500000000, 126.37, 227
8.0, 1.0, 0.87, 0.03, 80, 5608.2109375000000000, 146.23, 269
4.0, 1.0, 0.87, 0.01, 50, 5574.4013671875000000, 110.52, 73
20.0, 1.0, 0.98, 0.03, 40, 5812.3378906250000000, 51.12, 657
4.0, 1.0, 0.98, 0.02, 40, 5567.9326171875000000, 271.82, 112
20.0, 1.0, 0.87, 0.01, 50, 5812.3378906250000000, 49.84, 613
12.0, 1.0, 0.87, 0.01, 40, 5812.3378906250000000, 51.32, 437
12.0, 1.0, 1.00, 0.01, 25, 5812.3378906250000000, 50.38, 525
4.0, 1.0, 0.83, 0.00, 50, 5614.0161132812500000, 169.72, 8
20.0, 1.0, 0.98, 0.00, 25, 5812.3378906250000000, 52.47, 635
12.0, 1.0, 0.98, 0.00, 80, 5812.3378906250000000, 51.31, 459
12.0, 1.0, 0.99, 0.02, 50, 5812.3378906250000000, 50.73, 503
20.0, 1.0, 1.00, 0.01, 30, 5812.3378906250000000, 51.63, 701
32.0, 1.0, 0.83, 0.03, 25, 5812.3378906250000000, 52.26, 745
64.0, 1.0, 0.98, 0.01, 80, 5812.3378906250000000, 50.80, 1009
32.0, 1.0, 0.83, 0.00, 50, 5812.3378906250000000, 52.04, 723
12.0, 1.0, 0.85, 0.01, 50, 5812.3378906250000000, 78.06, 408
64.0, 1.0, 0.87, 0.03, 40, 5812.3378906250000000, 51.03, 987
64.0, 1.0, 0.83, 0.02, 30, 5812.3378906250000000, 51.97, 921
32.0, 1.0, 0.98, 0.00, 30, 5812.3378906250000000, 52.19, 811
32.0, 1.0, 0.99, 0.01, 25, 5812.3378906250000000, 55.19, 855
20.0, 1.0, 0.99, 0.01, 80, 5812.3378906250000000, 50.50, 679
12.0, 1.0, 0.99, 0.00, 30, 5812.3378906250000000, 54.86, 481
4.0, 1.0, 0.98, 0.00, 50, 5584.6293945312500000, 191.96, 93
32.0, 1.0, 0.98, 0.02, 40, 5812.3378906250000000, 52.30, 832
64.0, 1.0, 0.85, 0.03, 80, 5812.3378906250000000, 73.78, 959
20.0, 1.0, 0.98, 0.03, 50, 5812.3378906250000000, 51.12, 658
20.0, 1.0, 0.87, 0.01, 80, 5812.3378906250000000, 50.77, 614
12.0, 1.0, 0.87, 0.01, 50, 5812.3378906250000000, 50.96, 438
12.0, 1.0, 1.00, 0.01, 30, 5812.3378906250000000, 51.12, 526
4.0, 1.0, 0.83, 0.03, 80, 5613.4770507812500000, 233.65, 29
12.0, 1.0, 0.99, 0.02, 80, 5812.3378906250000000, 50.52, 504
12.0, 1.0, 0.98, 0.01, 25, 5812.3378906250000000, 52.21, 460
20.0, 1.0, 0.98, 0.00, 30, 5812.3378906250000000, 53.71, 636
20.0, 1.0, 1.00, 0.01, 40, 5812.3378906250000000, 51.67, 702
32.0, 1.0, 0.83, 0.03, 30, 5812.3378906250000000, 51.86, 746
64.0, 1.0, 0.98, 0.02, 25, 5812.3378906250000000, 52.13, 1010
32.0, 1.0, 0.83, 0.00, 80, 5812.3378906250000000, 51.16, 724
64.0, 1.0, 0.87, 0.03, 50, 5812.3378906250000000, 50.79, 988
64.0, 1.0, 0.83, 0.02, 40, 5812.3378906250000000, 51.56, 922
32.0, 1.0, 0.98, 0.00, 40, 5812.3378906250000000, 51.33, 812
20.0, 1.0, 0.99, 0.02, 25, 5812.3378906250000000, 51.48, 680
32.0, 1.0, 0.99, 0.01, 30, 5812.3378906250000000, 51.52, 856
12.0, 1.0, 0.99, 0.00, 40, 5812.3378906250000000, 54.05, 482
8.0, 1.0, 0.85, 0.01, 50, 5574.2485351562500000, 103.51, 228
32.0, 1.0, 0.98, 0.02, 50, 5812.3378906250000000, 52.16, 833
12.0, 1.0, 0.85, 0.01, 80, 5812.3378906250000000, 78.65, 409
4.0, 1.0, 0.99, 0.01, 80, 5605.2045898437500000, 237.82, 134
20.0, 1.0, 0.98, 0.03, 80, 5812.3378906250000000, 51.09, 659
20.0, 1.0, 0.87, 0.01, 25, 5812.3378906250000000, 51.09, 615
12.0, 1.0, 1.00, 0.01, 40, 5812.3378906250000000, 50.91, 527
12.0, 1.0, 0.87, 0.01, 80, 5812.3378906250000000, 51.36, 439
12.0, 1.0, 0.99, 0.03, 25, 5812.3378906250000000, 51.87, 505
8.0, 1.0, 0.87, 0.01, 30, 5581.7631835937500000, 223.26, 251
20.0, 1.0, 0.98, 0.00, 40, 5812.3378906250000000, 51.09, 637
12.0, 1.0, 0.98, 0.01, 30, 5812.3378906250000000, 51.93, 461
64.0, 1.0, 0.87, 0.00, 25, 5812.3378906250000000, 75.22, 960
20.0, 1.0, 1.00, 0.01, 50, 5812.3378906250000000, 51.27, 703
32.0, 1.0, 0.83, 0.03, 40, 5812.3378906250000000, 51.24, 747
32.0, 1.0, 0.83, 0.00, 25, 5812.3378906250000000, 49.86, 725
4.0, 1.0, 0.85, 0.00, 25, 5629.6499023437500000, 60.00, 30
64.0, 1.0, 0.87, 0.03, 80, 5812.3378906250000000, 50.08, 989
64.0, 1.0, 0.98, 0.02, 30, 5812.3378906250000000, 51.62, 1011
32.0, 1.0, 0.98, 0.00, 50, 5812.3378906250000000, 51.42, 813
64.0, 1.0, 0.83, 0.02, 50, 5812.3378906250000000, 51.58, 923
32.0, 1.0, 0.99, 0.01, 40, 5812.3378906250000000, 50.98, 857
20.0, 1.0, 0.99, 0.02, 30, 5812.3378906250000000, 51.23, 681
12.0, 1.0, 0.99, 0.00, 50, 5812.3378906250000000, 50.85, 483
4.0, 1.0, 0.83, 0.00, 80, 5632.5888671875000000, 126.27, 9
32.0, 1.0, 0.98, 0.02, 80, 5812.3378906250000000, 52.01, 834
8.0, 1.0, 0.99, 0.01, 25, 5570.0952148437500000, 441.17, 310
8.0, 1.0, 0.85, 0.01, 80, 5620.3930664062500000, 81.47, 229
4.0, 1.0, 0.85, 0.02, 30, 5606.8452148437500000, 279.57, 51
12.0, 1.0, 0.85, 0.02, 25, 5812.3378906250000000, 79.76, 410
4.0, 1.0, 0.87, 0.01, 80, 5623.1142578125000000, 182.40, 74
4.0, 1.0, 0.85, 0.00, 30, 5619.2207031250000000, 59.56, 31
64.0, 1.0, 0.87, 0.00, 30, 5812.3378906250000000, 75.55, 961
32.0, 1.0, 0.98, 0.03, 25, 5812.3378906250000000, 52.76, 835
8.0, 1.0, 0.83, 0.02, 40, 5588.2485351562500000, 230.74, 202
4.0, 1.0, 0.98, 0.00, 80, 5606.2460937500000000, 192.79, 94
8.0, 1.0, 0.98, 0.00, 25, 5603.7626953125000000, 236.02, 270
8.0, 1.0, 0.98, 0.01, 80, 5580.3369140625000000, 372.57, 289
4.0, 1.0, 0.85, 0.00, 40, 5645.8671875000000000, 62.99, 32
12.0, 1.0, 0.85, 0.02, 30, 5812.3378906250000000, 80.61, 411
64.0, 1.0, 0.87, 0.00, 40, 5812.3378906250000000, 73.73, 962
8.0, 1.0, 0.85, 0.02, 25, 5574.9062500000000000, 118.74, 230
4.0, 1.0, 0.85, 0.00, 50, 5638.7485351562500000, 65.37, 33
8.0, 1.0, 0.87, 0.01, 40, 5561.1801757812500000, 206.99, 252
4.0, 1.0, 0.85, 0.02, 40, 5606.6049804687500000, 148.60, 52
8.0, 1.0, 1.00, 0.00, 40, 5584.8696289062500000, 616.43, 332
64.0, 1.0, 0.87, 0.00, 50, 5812.3378906250000000, 73.11, 963
12.0, 1.0, 0.85, 0.02, 40, 5812.3378906250000000, 80.36, 412
4.0, 1.0, 0.83, 0.01, 25, 5569.2055664062500000, 207.45, 10
4.0, 1.0, 0.87, 0.01, 25, 5646.4941406250000000, 164.47, 75
4.0, 1.0, 0.85, 0.00, 80, 5651.9028320312500000, 64.74, 34
8.0, 1.0, 0.87, 0.01, 50, 5618.3579101562500000, 86.11, 253
8.0, 1.0, 0.83, 0.02, 50, 5577.0278320312500000, 204.65, 203
4.0, 1.0, 0.98, 0.02, 50, 5586.6499023437500000, 406.95, 113
64.0, 1.0, 0.87, 0.00, 80, 5812.3378906250000000, 74.06, 964
4.0, 1.0, 1.00, 0.03, 50, 5573.3403320312500000, 604.55, 178
12.0, 1.0, 0.85, 0.02, 50, 5812.3378906250000000, 79.38, 413
4.0, 1.0, 0.87, 0.01, 30, 5579.0917968750000000, 83.09, 76
8.0, 1.0, 0.98, 0.00, 30, 5583.1210937500000000, 204.42, 271
8.0, 1.0, 0.85, 0.02, 30, 5572.8203125000000000, 160.72, 231
4.0, 1.0, 0.85, 0.02, 50, 5610.6328125000000000, 137.68, 53
4.0, 1.0, 1.00, 0.00, 25, 5582.0312500000000000, 917.62, 155
64.0, 1.0, 0.87, 0.00, 25, 5812.3378906250000000, 74.50, 965
4.0, 1.0, 0.83, 0.01, 30, 5621.6962890625000000, 149.70, 11
12.0, 1.0, 0.85, 0.02, 80, 5812.3378906250000000, 78.55, 414
8.0, 1.0, 0.87, 0.01, 80, 5605.5581054687500000, 125.53, 254
4.0, 1.0, 1.00, 0.03, 80, 5662.1611328125000000, 130.98, 179
64.0, 1.0, 0.87, 0.00, 30, 5812.3378906250000000, 73.71, 966
4.0, 1.0, 0.85, 0.00, 25, 5586.1748046875000000, 188.10, 35
8.0, 1.0, 0.85, 0.02, 40, 5590.8134765625000000, 116.07, 232
4.0, 1.0, 0.85, 0.02, 80, 5612.0888671875000000, 112.54, 54
4.0, 1.0, 1.00, 0.00, 30, 5700.1523437500000000, 101.76, 156
12.0, 1.0, 0.85, 0.03, 25, 5812.3378906250000000, 79.60, 415
4.0, 1.0, 0.87, 0.01, 40, 5584.2314453125000000, 156.51, 77
4.0, 1.0, 0.98, 0.00, 25, 5584.3251953125000000, 364.28, 95
4.0, 1.0, 0.83, 0.01, 40, 5624.9868164062500000, 110.35, 12
8.0, 1.0, 0.83, 0.00, 25, 5613.7397460937500000, 61.66, 180
8.0, 1.0, 0.83, 0.02, 80, 5619.3798828125000000, 197.62, 204
4.0, 1.0, 0.98, 0.02, 80, 5602.1840820312500000, 210.73, 114
8.0, 1.0, 0.98, 0.00, 40, 5601.8286132812500000, 193.31, 272
64.0, 1.0, 0.87, 0.00, 40, 5812.3378906250000000, 72.75, 967
8.0, 1.0, 0.87, 0.01, 25, 5564.3046875000000000, 118.86, 255
12.0, 1.0, 0.85, 0.03, 30, 5812.3378906250000000, 78.64, 416
8.0, 1.0, 0.83, 0.00, 30, 5628.6079101562500000, 57.31, 181
4.0, 1.0, 0.99, 0.01, 25, 5594.3168945312500000, 592.74, 135
8.0, 1.0, 0.98, 0.02, 25, 5577.9873046875000000, 462.24, 290
4.0, 1.0, 0.87, 0.01, 50, 5587.4326171875000000, 123.93, 78
8.0, 1.0, 0.99, 0.01, 30, 5577.3217773437500000, 542.20, 311
4.0, 1.0, 0.85, 0.00, 30, 5567.4843750000000000, 155.26, 36
8.0, 1.0, 0.83, 0.00, 40, 5610.7709960937500000, 58.06, 182
8.0, 1.0, 1.00, 0.02, 50, 5564.4155273437500000, 978.89, 353
12.0, 1.0, 0.85, 0.03, 40, 5812.3378906250000000, 79.85, 417
4.0, 1.0, 0.85, 0.03, 25, 5613.5712890625000000, 184.49, 55
8.0, 1.0, 0.83, 0.00, 50, 5602.3388671875000000, 58.74, 183
8.0, 1.0, 0.98, 0.00, 50, 5593.0390625000000000, 162.83, 273
8.0, 1.0, 0.85, 0.02, 50, 5572.8750000000000000, 222.32, 233
4.0, 1.0, 0.85, 0.00, 40, 5616.1127929687500000, 94.20, 37
4.0, 1.0, 0.83, 0.01, 50, 5617.0610351562500000, 210.09, 13
8.0, 1.0, 1.00, 0.02, 80, 5663.0488281250000000, 84.19, 354
8.0, 1.0, 0.87, 0.01, 30, 5585.4584960937500000, 178.56, 256
8.0, 1.0, 0.83, 0.00, 80, 5639.4248046875000000, 54.48, 184
8.0, 1.0, 1.00, 0.00, 50, 5578.9663085937500000, 513.87, 333
8.0, 1.0, 0.85, 0.02, 80, 5618.5151367187500000, 80.64, 234
4.0, 1.0, 0.98, 0.00, 30, 5570.1640625000000000, 289.78, 96
4.0, 1.0, 0.87, 0.01, 80, 5615.4443359375000000, 172.92, 79
4.0, 1.0, 0.85, 0.00, 50, 5625.4750976562500000, 80.53, 38
4.0, 1.0, 0.85, 0.03, 30, 5557.4873046875000000, 174.11, 56
8.0, 1.0, 1.00, 0.00, 80, 5663.0488281250000000, 85.02, 334
8.0, 1.0, 0.87, 0.01, 40, 5577.0805664062500000, 128.08, 257
4.0, 1.0, 0.83, 0.01, 80, 5636.2612304687500000, 157.48, 14
8.0, 1.0, 0.83, 0.03, 25, 5575.6489257812500000, 365.04, 205
4.0, 1.0, 0.85, 0.00, 80, 5616.8857421875000000, 115.38, 39
8.0, 1.0, 0.98, 0.02, 30, 5572.4716796875000000, 308.47, 291
8.0, 1.0, 0.83, 0.00, 25, 5577.1367187500000000, 171.06, 185
4.0, 1.0, 0.98, 0.03, 25, 5575.8481445312500000, 388.18, 115
8.0, 1.0, 0.98, 0.00, 80, 5612.9174804687500000, 226.51, 274
8.0, 1.0, 0.85, 0.03, 25, 5574.9062500000000000, 206.72, 235
8.0, 1.0, 0.99, 0.01, 40, 5577.5800781250000000, 376.00, 312
4.0, 1.0, 0.83, 0.01, 25, 5571.5126953125000000, 131.71, 15
4.0, 1.0, 0.85, 0.03, 40, 5603.4028320312500000, 199.51, 57
4.0, 1.0, 0.85, 0.01, 25, 5598.3281250000000000, 124.70, 40
4.0, 1.0, 0.87, 0.02, 25, 5617.0712890625000000, 267.30, 80
8.0, 1.0, 0.87, 0.01, 50, 5600.3105468750000000, 199.09, 258
4.0, 1.0, 0.99, 0.01, 30, 5579.3427734375000000, 470.27, 136
4.0, 1.0, 0.98, 0.00, 40, 5566.4541015625000000, 322.99, 97
4.0, 1.0, 0.83, 0.01, 30, 5611.9814453125000000, 113.37, 16
4.0, 1.0, 0.85, 0.01, 30, 5561.3872070312500000, 99.82, 41
8.0, 1.0, 0.98, 0.02, 40, 5591.9501953125000000, 236.87, 292
8.0, 1.0, 0.85, 0.03, 30, 5572.9443359375000000, 170.99, 236
4.0, 1.0, 0.85, 0.03, 50, 5610.4750976562500000, 121.19, 58
4.0, 1.0, 0.98, 0.03, 30, 5628.7397460937500000, 258.16, 116
8.0, 1.0, 0.83, 0.03, 30, 5590.5380859375000000, 297.16, 206
4.0, 1.0, 0.87, 0.02, 30, 5580.2802734375000000, 144.25, 81
8.0, 1.0, 0.83, 0.00, 30, 5595.2592773437500000, 290.29, 186
8.0, 1.0, 0.87, 0.01, 80, 5593.9560546875000000, 184.85, 259
4.0, 1.0, 0.83, 0.01, 40, 5612.9829101562500000, 144.41, 17
4.0, 1.0, 0.85, 0.03, 80, 5603.4628906250000000, 124.90, 59
4.0, 1.0, 0.85, 0.01, 40, 5609.0815429687500000, 145.26, 42
8.0, 1.0, 0.83, 0.00, 40, 5595.8608398437500000, 81.04, 187
4.0, 1.0, 0.87, 0.02, 40, 5575.1298828125000000, 124.71, 82
4.0, 1.0, 0.87, 0.00, 25, 5689.6406250000000000, 62.65, 60
8.0, 1.0, 0.85, 0.03, 40, 5584.3154296875000000, 192.12, 237
8.0, 1.0, 0.98, 0.00, 25, 5575.4926757812500000, 430.49, 275
4.0, 1.0, 0.85, 0.01, 50, 5624.9067382812500000, 76.75, 43
4.0, 1.0, 1.00, 0.00, 40, 5581.9658203125000000, 899.23, 157
8.0, 1.0, 0.83, 0.03, 40, 5593.4467773437500000, 211.57, 207
4.0, 1.0, 0.83, 0.01, 50, 5630.5654296875000000, 127.00, 18
4.0, 1.0, 0.87, 0.00, 30, 5597.2246093750000000, 71.23, 61
8.0, 1.0, 0.99, 0.01, 50, 5610.6088867187500000, 443.70, 313
8.0, 1.0, 0.83, 0.00, 50, 5574.4013671875000000, 152.74, 188
8.0, 1.0, 0.98, 0.02, 50, 5568.7685546875000000, 291.22, 293
8.0, 1.0, 0.85, 0.03, 50, 5585.8159179687500000, 108.41, 238
4.0, 1.0, 0.98, 0.03, 40, 5581.2661132812500000, 290.48, 117
4.0, 1.0, 0.87, 0.00, 40, 5601.9736328125000000, 66.01, 62
4.0, 1.0, 0.87, 0.02, 50, 5584.6186523437500000, 159.82, 83
4.0, 1.0, 0.98, 0.00, 50, 5577.5590820312500000, 378.32, 98
8.0, 1.0, 0.87, 0.02, 25, 5557.1225585937500000, 241.51, 260
4.0, 1.0, 0.99, 0.01, 40, 5571.5126953125000000, 433.64, 137
4.0, 1.0, 0.83, 0.01, 80, 5595.6972656250000000, 136.94, 19
4.0, 1.0, 0.87, 0.00, 50, 5629.5781250000000000, 63.31, 63
8.0, 1.0, 0.85, 0.03, 80, 5620.3930664062500000, 92.93, 239
8.0, 1.0, 0.98, 0.00, 30, 5579.7211914062500000, 204.38, 276
4.0, 1.0, 0.87, 0.02, 80, 5642.5375976562500000, 73.52, 84
8.0, 1.0, 0.83, 0.00, 80, 5621.4111328125000000, 143.94, 189
4.0, 1.0, 0.87, 0.00, 80, 5656.4418945312500000, 65.90, 64
8.0, 1.0, 1.00, 0.00, 25, 5581.8447265625000000, 768.38, 335
8.0, 1.0, 0.83, 0.03, 50, 5578.9663085937500000, 222.42, 208
8.0, 1.0, 0.87, 0.00, 25, 5600.9965820312500000, 75.64, 240
8.0, 1.0, 1.00, 0.03, 25, 5571.1582031250000000, 950.38, 355
4.0, 1.0, 0.98, 0.00, 80, 5604.3559570312500000, 188.83, 99
8.0, 1.0, 0.87, 0.00, 30, 5637.2412109375000000, 75.46, 241
8.0, 1.0, 1.00, 0.00, 30, 5674.6918945312500000, 111.86, 336
8.0, 1.0, 0.87, 0.02, 30, 5590.9760742187500000, 238.21, 261
4.0, 1.0, 0.83, 0.02, 25, 5558.0917968750000000, 199.22, 20
8.0, 1.0, 0.83, 0.03, 80, 5604.4365234375000000, 127.94, 209
8.0, 1.0, 0.83, 0.01, 25, 5570.1274414062500000, 166.78, 190
4.0, 1.0, 0.87, 0.00, 25, 5628.3549804687500000, 138.48, 65
4.0, 1.0, 0.87, 0.03, 25, 5635.5297851562500000, 192.99, 85
4.0, 1.0, 0.98, 0.03, 50, 5570.5141601562500000, 341.24, 118
8.0, 1.0, 0.98, 0.02, 80, 5599.8061523437500000, 378.25, 294
8.0, 1.0, 0.87, 0.02, 40, 5577.0849609375000000, 100.41, 262
8.0, 1.0, 0.85, 0.00, 25, 5599.9604492187500000, 108.41, 210
4.0, 1.0, 0.87, 0.03, 30, 5572.9750976562500000, 124.63, 86
8.0, 1.0, 0.99, 0.01, 80, 5615.5092773437500000, 442.50, 314
4.0, 1.0, 0.83, 0.02, 30, 5617.6923828125000000, 157.85, 21
8.0, 1.0, 0.83, 0.01, 30, 5580.5888671875000000, 157.73, 191
8.0, 1.0, 0.87, 0.02, 50, 5602.3193359375000000, 114.42, 263
8.0, 1.0, 0.85, 0.00, 30, 5604.2065429687500000, 109.38, 211
8.0, 1.0, 0.98, 0.00, 40, 5585.8408203125000000, 412.86, 277
8.0, 1.0, 0.83, 0.01, 40, 5590.1704101562500000, 87.31, 192
4.0, 1.0, 0.99, 0.01, 50, 5572.0610351562500000, 488.68, 138
4.0, 1.0, 0.98, 0.03, 80, 5602.7158203125000000, 200.25, 119
4.0, 1.0, 0.98, 0.01, 25, 5572.0483398437500000, 363.29, 100
8.0, 1.0, 0.85, 0.00, 40, 5601.0996093750000000, 109.88, 212
4.0, 1.0, 0.87, 0.03, 40, 5577.6606445312500000, 216.19, 87
8.0, 1.0, 0.83, 0.01, 50, 5564.3554687500000000, 147.03, 193
8.0, 1.0, 0.85, 0.00, 50, 5603.6782226562500000, 109.56, 213
8.0, 1.0, 0.98, 0.00, 50, 5582.2646484375000000, 238.74, 278
8.0, 1.0, 0.98, 0.03, 25, 5578.5166015625000000, 389.91, 295
8.0, 1.0, 0.83, 0.01, 80, 5627.2416992187500000, 88.77, 194
4.0, 1.0, 0.98, 0.01, 30, 5576.5898437500000000, 194.07, 101
8.0, 1.0, 1.00, 0.00, 40, 5586.8920898437500000, 511.63, 337
4.0, 1.0, 0.99, 0.01, 80, 5602.1054687500000000, 282.80, 139
8.0, 1.0, 0.85, 0.00, 80, 5624.9833984375000000, 107.15, 214
4.0, 1.0, 1.00, 0.00, 50, 5583.0649414062500000, 905.71, 158
4.0, 1.0, 0.99, 0.00, 25, 5622.6069335937500000, 342.39, 120
8.0, 1.0, 0.99, 0.01, 25, 5580.9487304687500000, 477.59, 315
8.0, 1.0, 0.83, 0.01, 25, 5564.2783203125000000, 224.69, 195
8.0, 1.0, 0.98, 0.03, 30, 5563.2260742187500000, 279.84, 296
8.0, 1.0, 0.85, 0.00, 25, 5575.4526367187500000, 217.54, 215
4.0, 1.0, 1.00, 0.00, 80, 5662.1611328125000000, 223.36, 159
8.0, 1.0, 0.98, 0.00, 80, 5592.9531250000000000, 324.94, 279
8.0, 1.0, 0.83, 0.01, 30, 5606.8125000000000000, 94.75, 196
8.0, 1.0, 1.00, 0.03, 30, 5575.7436523437500000, 890.33, 356
4.0, 1.0, 0.98, 0.01, 40, 5559.2885742187500000, 378.32, 102
4.0, 1.0, 0.99, 0.00, 30, 5598.2343750000000000, 313.30, 121
8.0, 1.0, 0.99, 0.01, 30, 5579.8466796875000000, 311.60, 316
8.0, 1.0, 0.83, 0.01, 40, 5582.6137695312500000, 123.89, 197
8.0, 1.0, 0.85, 0.00, 30, 5571.7070312500000000, 194.09, 216
8.0, 1.0, 1.00, 0.00, 50, 5589.5078125000000000, 509.65, 338
8.0, 1.0, 0.98, 0.03, 40, 5592.8129882812500000, 289.52, 297
8.0, 1.0, 1.00, 0.00, 80, 5663.0488281250000000, 85.43, 339
8.0, 1.0, 0.98, 0.01, 25, 5578.5166015625000000, 365.49, 280
4.0, 1.0, 0.99, 0.00, 40, 5588.9228515625000000, 240.22, 122
4.0, 1.0, 0.98, 0.01, 50, 5577.8657226562500000, 335.45, 103
8.0, 1.0, 0.85, 0.00, 40, 5584.7773437500000000, 252.56, 217
4.0, 1.0, 0.99, 0.02, 25, 5564.1650390625000000, 679.38, 140
8.0, 1.0, 0.98, 0.03, 50, 5580.1757812500000000, 263.84, 298
8.0, 1.0, 0.85, 0.00, 50, 5588.2768554687500000, 144.91, 218
8.0, 1.0, 0.99, 0.01, 40, 5576.3115234375000000, 460.44, 317
4.0, 1.0, 0.99, 0.00, 50, 5585.0888671875000000, 233.73, 123
8.0, 1.0, 0.98, 0.01, 30, 5565.4653320312500000, 265.13, 281
8.0, 1.0, 1.00, 0.03, 40, 5577.4897460937500000, 679.33, 357
8.0, 1.0, 0.85, 0.00, 80, 5618.7885742187500000, 189.14, 219
8.0, 1.0, 0.98, 0.03, 80, 5597.8310546875000000, 262.52, 299
4.0, 1.0, 0.98, 0.01, 80, 5577.2548828125000000, 384.88, 104
4.0, 1.0, 0.99, 0.02, 30, 5581.5732421875000000, 418.49, 141
4.0, 1.0, 0.99, 0.00, 80, 5598.9858398437500000, 279.33, 124
8.0, 1.0, 0.98, 0.01, 40, 5589.6518554687500000, 273.17, 282
8.0, 1.0, 0.99, 0.01, 50, 5615.8378906250000000, 337.69, 318
4.0, 1.0, 1.00, 0.01, 25, 5590.5292968750000000, 979.76, 160
4.0, 1.0, 1.00, 0.01, 30, 5700.1523437500000000, 101.37, 161
4.0, 1.0, 0.98, 0.01, 25, 5579.1362304687500000, 266.44, 105
8.0, 1.0, 0.99, 0.00, 25, 5589.3120117187500000, 377.42, 300
8.0, 1.0, 0.98, 0.01, 50, 5588.2719726562500000, 249.98, 283
4.0, 1.0, 0.99, 0.02, 40, 5583.9497070312500000, 312.58, 142
8.0, 1.0, 1.00, 0.01, 25, 5578.5507812500000000, 914.78, 340
8.0, 1.0, 0.99, 0.01, 80, 5622.0014648437500000, 354.54, 319
4.0, 1.0, 0.99, 0.00, 25, 5569.3701171875000000, 439.76, 125
4.0, 1.0, 0.98, 0.01, 30, 5571.0278320312500000, 323.32, 106
8.0, 1.0, 0.99, 0.00, 30, 5596.2280273437500000, 303.18, 301
8.0, 1.0, 1.00, 0.03, 50, 5577.9423828125000000, 747.04, 358
8.0, 1.0, 0.98, 0.01, 80, 5592.9531250000000000, 319.89, 284
4.0, 1.0, 0.99, 0.02, 50, 5583.0102539062500000, 362.59, 143
8.0, 1.0, 1.00, 0.03, 80, 5663.0488281250000000, 85.77, 359
12.0, 1.0, 0.83, 0.00, 25, 5812.3378906250000000, 51.48, 360
12.0, 1.0, 0.83, 0.00, 30, 5812.3378906250000000, 51.51, 361
12.0, 1.0, 0.83, 0.00, 40, 5812.3378906250000000, 51.10, 362
4.0, 1.0, 0.99, 0.00, 30, 5589.5610351562500000, 378.24, 126
4.0, 1.0, 0.98, 0.01, 40, 5566.4541015625000000, 341.67, 107
8.0, 1.0, 0.99, 0.02, 25, 5570.8115234375000000, 453.52, 320
12.0, 1.0, 0.83, 0.00, 50, 5812.3378906250000000, 50.31, 363
8.0, 1.0, 0.99, 0.00, 40, 5587.6528320312500000, 297.24, 302
12.0, 1.0, 0.83, 0.00, 80, 5812.3378906250000000, 50.72, 364
8.0, 1.0, 0.98, 0.01, 25, 5586.6845703125000000, 339.42, 285
4.0, 1.0, 0.99, 0.02, 80, 5601.5771484375000000, 328.62, 144
12.0, 1.0, 0.83, 0.00, 25, 5812.3378906250000000, 51.51, 365
8.0, 1.0, 1.00, 0.01, 30, 5586.3852539062500000, 639.22, 341
12.0, 1.0, 0.83, 0.00, 30, 5812.3378906250000000, 51.40, 366
12.0, 1.0, 0.83, 0.00, 40, 5812.3378906250000000, 51.38, 367
12.0, 1.0, 0.83, 0.00, 50, 5812.3378906250000000, 51.11, 368
4.0, 1.0, 0.99, 0.00, 40, 5583.9497070312500000, 333.73, 127
12.0, 1.0, 0.83, 0.00, 80, 5812.3378906250000000, 50.61, 369
4.0, 1.0, 0.98, 0.01, 50, 5577.8657226562500000, 326.73, 108
8.0, 1.0, 0.99, 0.00, 50, 5609.8989257812500000, 325.35, 303
4.0, 1.0, 1.00, 0.01, 40, 5574.8046875000000000, 1023.50, 162
12.0, 1.0, 0.83, 0.01, 25, 5812.3378906250000000, 51.55, 370
12.0, 1.0, 0.83, 0.01, 30, 5812.3378906250000000, 51.36, 371
12.0, 1.0, 0.83, 0.01, 40, 5812.3378906250000000, 50.55, 372
4.0, 1.0, 0.99, 0.03, 25, 5590.5439453125000000, 404.98, 145
12.0, 1.0, 0.83, 0.01, 50, 5812.3378906250000000, 50.85, 373
4.0, 1.0, 0.99, 0.00, 50, 5585.0888671875000000, 276.89, 128
8.0, 1.0, 0.99, 0.02, 30, 5567.2309570312500000, 603.96, 321
8.0, 1.0, 0.99, 0.00, 80, 5624.0131835937500000, 307.70, 304
4.0, 1.0, 0.98, 0.01, 80, 5577.2548828125000000, 403.99, 109
8.0, 1.0, 1.00, 0.01, 40, 5583.8881835937500000, 669.65, 342
4.0, 1.0, 0.99, 0.00, 80, 5603.3247070312500000, 253.97, 129
4.0, 1.0, 0.99, 0.03, 30, 5576.3041992187500000, 401.43, 146
8.0, 1.0, 0.99, 0.02, 40, 5576.9213867187500000, 344.00, 322
8.0, 1.0, 1.00, 0.01, 50, 5623.5468750000000000, 198.10, 343
8.0, 1.0, 0.99, 0.00, 25, 5574.7236328125000000, 398.40, 305
8.0, 1.0, 1.00, 0.01, 80, 5663.0488281250000000, 86.34, 344
4.0, 1.0, 1.00, 0.01, 50, 5583.0419921875000000, 949.17, 163
4.0, 1.0, 0.99, 0.03, 40, 5587.7563476562500000, 404.78, 147
8.0, 1.0, 0.99, 0.00, 30, 5579.3276367187500000, 301.91, 306
4.0, 1.0, 0.99, 0.01, 25, 5590.2885742187500000, 568.03, 130
8.0, 1.0, 0.99, 0.02, 50, 5588.0170898437500000, 592.57, 323
8.0, 1.0, 1.00, 0.01, 25, 5581.6215820312500000, 559.24, 345
8.0, 1.0, 0.99, 0.00, 40, 5582.1250000000000000, 342.51, 307
4.0, 1.0, 0.99, 0.01, 30, 5584.8037109375000000, 417.25, 131
8.0, 1.0, 0.99, 0.02, 80, 5632.5771484375000000, 474.36, 324
4.0, 1.0, 1.00, 0.01, 80, 5582.4155273437500000, 772.21, 164
4.0, 1.0, 0.99, 0.03, 50, 5593.9506835937500000, 745.56, 148
4.0, 1.0, 0.99, 0.03, 80, 5614.4775390625000000, 212.11, 149
4.0, 1.0, 1.00, 0.01, 25, 5660.1284179687500000, 292.10, 165
8.0, 1.0, 1.00, 0.01, 30, 5581.7919921875000000, 751.59, 346
4.0, 1.0, 1.00, 0.00, 25, 5662.7343750000000000, 175.29, 150
4.0, 1.0, 1.00, 0.01, 30, 5700.1523437500000000, 101.83, 166
8.0, 1.0, 0.99, 0.03, 25, 5575.4145507812500000, 462.58, 325
4.0, 1.0, 1.00, 0.00, 30, 5700.1523437500000000, 61.30, 151
4.0, 1.0, 1.00, 0.00, 40, 5651.0541992187500000, 156.33, 152
8.0, 1.0, 0.99, 0.03, 30, 5582.3002929687500000, 322.28, 326
4.0, 1.0, 1.00, 0.01, 40, 5622.2714843750000000, 355.27, 167
8.0, 1.0, 1.00, 0.01, 40, 5591.9243164062500000, 596.45, 347
4.0, 1.0, 1.00, 0.00, 50, 5585.7128906250000000, 489.01, 153
8.0, 1.0, 0.99, 0.03, 40, 5576.3115234375000000, 398.64, 327
8.0, 1.0, 1.00, 0.01, 50, 5578.9663085937500000, 499.04, 348
8.0, 1.0, 1.00, 0.01, 80, 5663.0488281250000000, 85.52, 349
4.0, 1.0, 1.00, 0.01, 50, 5578.3032226562500000, 835.28, 168
8.0, 1.0, 0.99, 0.03, 50, 5610.6088867187500000, 474.76, 328
4.0, 1.0, 1.00, 0.01, 80, 5662.1611328125000000, 225.02, 169
8.0, 1.0, 1.00, 0.02, 25, 5596.8696289062500000, 447.53, 350
8.0, 1.0, 0.99, 0.03, 80, 5608.9257812500000000, 437.51, 329
8.0, 1.0, 1.00, 0.02, 30, 5675.8349609375000000, 113.89, 351
4.0, 1.0, 1.00, 0.02, 25, 5576.5898437500000000, 1045.37, 170
4.0, 1.0, 1.00, 0.02, 30, 5700.1523437500000000, 102.96, 171
4.0, 1.0, 1.00, 0.02, 40, 5590.0615234375000000, 873.18, 172
4.0, 1.0, 1.00, 0.02, 50, 5587.0302734375000000, 805.44, 173
4.0, 1.0, 1.00, 0.02, 80, 5662.1611328125000000, 227.92, 174
4.0, 1.0, 1.00, 0.03, 25, 5577.4086914062500000, 1047.47, 175
64.0, 1.0, 1.00, 0.03, 80, 5812.3378906250000000, 51.12, 1079
