1.0, 1.0, 0.80, 0.00, 3, 5834.7055664062500000, 137.66, 0
1.0, 1.0, 0.80, 0.00, 4, 5827.9589843750000000, 131.49, 1
1.0, 1.0, 0.80, 0.00, 5, 5685.8144531250000000, 115.94, 2
1.0, 1.0, 0.80, 0.00, 10, 5663.5434570312500000, 117.40, 3
1.0, 1.0, 0.80, 0.00, 20, 5682.0278320312500000, 114.20, 4
1.0, 1.0, 0.80, 0.00, 30, 5625.5185546875000000, 104.76, 5
1.0, 1.0, 0.80, 0.01, 3, 5748.7866210937500000, 675.75, 6
1.0, 1.0, 0.80, 0.01, 4, 5718.5737304687500000, 567.90, 7
1.0, 1.0, 0.80, 0.01, 5, 5669.1293945312500000, 553.33, 8
1.0, 1.0, 0.80, 0.01, 10, 5606.0166015625000000, 355.65, 9
1.0, 1.0, 0.80, 0.01, 20, 5591.4746093750000000, 279.03, 10
1.0, 1.0, 0.80, 0.01, 30, 5573.9785156250000000, 318.90, 11
1.0, 1.0, 0.80, 0.02, 3, 6081.2470703125000000, 109.36, 12
1.0, 1.0, 0.80, 0.02, 4, 5866.6958007812500000, 335.68, 13
1.0, 1.0, 0.85, 0.00, 5, 5737.2246093750000000, 85.82, 32
1.0, 1.0, 0.85, 0.00, 10, 5747.5991210937500000, 78.53, 33
1.0, 1.0, 0.85, 0.00, 20, 5656.9956054687500000, 74.06, 34
1.0, 1.0, 0.85, 0.00, 30, 5628.3471679687500000, 71.36, 35
1.0, 1.0, 0.80, 0.02, 5, 5860.6840820312500000, 377.22, 14
1.0, 1.0, 0.85, 0.01, 3, 5667.3242187500000000, 619.26, 36
1.0, 1.0, 0.80, 0.02, 10, 5599.9799804687500000, 958.20, 15
1.0, 1.0, 0.85, 0.01, 4, 5648.4462890625000000, 550.50, 37
1.0, 1.0, 0.80, 0.02, 20, 5577.0708007812500000, 264.99, 16
1.0, 1.0, 0.80, 0.02, 30, 5594.7519531250000000, 151.77, 17
1.0, 1.0, 0.80, 0.03, 3, 6155.1376953125000000, 155.87, 18
1.0, 1.0, 0.80, 0.03, 4, 6019.0200195312500000, 100.64, 19
1.0, 1.0, 0.85, 0.01, 5, 5579.4936523437500000, 769.69, 38
1.0, 1.0, 0.80, 0.03, 5, 5900.9267578125000000, 228.99, 20
1.0, 1.0, 0.85, 0.01, 10, 5631.8032226562500000, 189.65, 39
1.0, 1.0, 0.80, 0.03, 10, 5690.3422851562500000, 253.83, 21
1.0, 1.0, 0.85, 0.01, 20, 5597.8227539062500000, 166.49, 40
1.0, 1.0, 0.85, 0.01, 30, 5602.3544921875000000, 113.28, 41
1.0, 1.0, 0.85, 0.02, 3, 5950.1420898437500000, 111.04, 42
1.0, 1.0, 0.80, 0.03, 20, 5610.8183593750000000, 381.94, 22
1.0, 1.0, 0.85, 0.02, 4, 6015.7612304687500000, 88.10, 43
1.0, 1.0, 0.85, 0.02, 5, 5895.3168945312500000, 185.16, 44
1.0, 1.0, 0.80, 0.03, 30, 5603.1606445312500000, 212.34, 23
1.0, 1.0, 0.80, 0.05, 3, 6190.7548828125000000, 155.19, 24
1.0, 1.0, 0.80, 0.05, 4, 6036.4438476562500000, 107.01, 25
1.0, 1.0, 0.85, 0.02, 10, 5654.4008789062500000, 312.47, 45
1.0, 1.0, 0.80, 0.05, 5, 5953.7431640625000000, 222.31, 26
1.0, 1.0, 0.80, 0.05, 10, 5766.0053710937500000, 179.40, 27
1.0, 1.0, 0.85, 0.02, 20, 5584.1752929687500000, 626.89, 46
1.0, 1.0, 0.85, 0.02, 30, 5579.8779296875000000, 158.28, 47
1.0, 1.0, 0.80, 0.05, 20, 5640.0688476562500000, 490.87, 28
1.0, 1.0, 0.85, 0.03, 3, 6147.5742187500000000, 125.01, 48
1.0, 1.0, 0.85, 0.03, 4, 5965.7172851562500000, 133.43, 49
1.0, 1.0, 0.85, 0.03, 5, 5952.4199218750000000, 127.43, 50
1.0, 1.0, 0.80, 0.05, 30, 5588.3735351562500000, 463.87, 29
1.0, 1.0, 0.85, 0.03, 10, 5723.6342773437500000, 267.02, 51
1.0, 1.0, 0.85, 0.00, 3, 5799.5795898437500000, 144.79, 30
1.0, 1.0, 0.85, 0.00, 4, 5877.5371093750000000, 139.41, 31
1.0, 1.0, 0.85, 0.03, 20, 5588.6840820312500000, 271.66, 52
1.0, 1.0, 0.85, 0.00, 5, 5737.2968750000000000, 129.09, 32
1.0, 1.0, 0.85, 0.00, 10, 5747.5991210937500000, 123.70, 33
1.0, 1.0, 0.85, 0.03, 30, 5588.9716796875000000, 159.91, 53
1.0, 1.0, 0.85, 0.05, 3, 6145.6699218750000000, 81.12, 54
1.0, 1.0, 0.85, 0.00, 20, 5620.3950195312500000, 111.58, 34
1.0, 1.0, 0.85, 0.05, 4, 6028.1743164062500000, 85.51, 55
1.0, 1.0, 0.85, 0.00, 30, 5628.3471679687500000, 148.75, 35
1.0, 1.0, 0.85, 0.05, 5, 5939.6289062500000000, 137.55, 56
1.0, 1.0, 0.85, 0.05, 10, 5719.6166992187500000, 87.37, 57
1.0, 1.0, 0.85, 0.05, 20, 5675.1054687500000000, 251.33, 58
1.0, 1.0, 0.85, 0.05, 30, 5560.9326171875000000, 327.95, 59
1.0, 1.0, 0.85, 0.01, 3, 5837.9868164062500000, 739.56, 36
1.0, 1.0, 0.90, 0.00, 3, 5849.8193359375000000, 111.52, 60
1.0, 1.0, 0.90, 0.00, 4, 5764.2768554687500000, 104.74, 61
1.0, 1.0, 0.90, 0.00, 5, 5743.9418945312500000, 111.66, 62
1.0, 1.0, 0.90, 0.00, 10, 5652.5122070312500000, 92.38, 63
1.0, 1.0, 0.90, 0.00, 20, 5619.6958007812500000, 96.77, 64
1.0, 1.0, 0.85, 0.01, 4, 5651.9887695312500000, 571.32, 37
1.0, 1.0, 0.90, 0.00, 30, 5639.8510742187500000, 80.40, 65
1.0, 1.0, 0.85, 0.01, 5, 5688.2553710937500000, 397.29, 38
1.0, 1.0, 0.85, 0.01, 10, 5633.6391601562500000, 302.23, 39
1.0, 1.0, 0.90, 0.01, 3, 5764.7456054687500000, 790.72, 66
1.0, 1.0, 0.85, 0.01, 20, 5597.8227539062500000, 279.27, 40
1.0, 1.0, 0.85, 0.01, 30, 5596.3442382812500000, 203.52, 41
1.0, 1.0, 0.90, 0.01, 4, 5630.9238281250000000, 487.22, 67
1.0, 1.0, 0.85, 0.02, 3, 5950.1420898437500000, 173.80, 42
1.0, 1.0, 0.85, 0.02, 4, 6015.7612304687500000, 138.03, 43
1.0, 1.0, 0.90, 0.01, 5, 5721.5097656250000000, 380.09, 68
1.0, 1.0, 0.90, 0.01, 10, 5599.7836914062500000, 203.34, 69
1.0, 1.0, 0.90, 0.01, 20, 5583.3413085937500000, 236.27, 70
1.0, 1.0, 0.90, 0.01, 30, 5601.1625976562500000, 157.07, 71
1.0, 1.0, 0.99, 0.01, 5, 5591.8339843750000000, 1677.15, 128
1.0, 1.0, 0.90, 0.02, 3, 6000.1508789062500000, 856.76, 72
1.0, 1.0, 0.90, 0.02, 4, 5904.8525390625000000, 135.19, 73
1.0, 1.0, 0.90, 0.02, 5, 5755.1000976562500000, 236.90, 74
1.0, 1.0, 0.90, 0.02, 10, 5652.5400390625000000, 286.52, 75
1.0, 1.0, 0.90, 0.02, 20, 5584.5087890625000000, 282.47, 76
1.0, 1.0, 0.90, 0.02, 30, 5608.8720703125000000, 121.69, 77
1.0, 1.0, 0.90, 0.03, 3, 6163.2226562500000000, 72.05, 78
1.0, 1.0, 0.90, 0.03, 4, 5965.2465820312500000, 94.89, 79
1.0, 1.0, 0.90, 0.03, 5, 5938.5922851562500000, 101.00, 80
1.0, 1.0, 0.99, 0.01, 10, 5580.2221679687500000, 1254.42, 129
1.0, 2.0, 0.95, 0.02, 20, 5649.6865234375000000, 158.44, 256
1.0, 1.0, 0.90, 0.03, 10, 5644.1162109375000000, 327.53, 81
1.0, 2.0, 0.95, 0.02, 30, 5596.1235351562500000, 131.99, 257
1.0, 1.0, 0.90, 0.03, 20, 5604.3583984375000000, 267.96, 82
1.0, 2.0, 0.95, 0.03, 3, 5613.9296875000000000, 242.28, 258
1.0, 1.0, 0.90, 0.03, 30, 5616.3779296875000000, 208.28, 83
1.0, 2.0, 0.95, 0.03, 4, 5628.4604492187500000, 224.46, 259
1.0, 1.0, 0.99, 0.01, 20, 5598.6826171875000000, 800.63, 130
1.0, 1.0, 0.90, 0.05, 3, 6163.1665039062500000, 77.89, 84
1.0, 1.0, 0.90, 0.05, 4, 6055.3671875000000000, 160.64, 85
1.0, 1.0, 0.90, 0.05, 5, 5953.9438476562500000, 78.32, 86
1.0, 2.0, 0.95, 0.03, 5, 5586.0014648437500000, 363.14, 260
1.0, 1.0, 0.90, 0.05, 10, 5686.4589843750000000, 113.23, 87
1.0, 2.0, 0.95, 0.03, 10, 5617.1850585937500000, 172.78, 261
1.0, 1.0, 0.99, 0.01, 30, 5577.3383789062500000, 664.09, 131
1.0, 2.0, 0.95, 0.03, 20, 5618.4853515625000000, 216.86, 262
1.0, 1.0, 0.90, 0.05, 20, 5592.1201171875000000, 358.05, 88
1.0, 2.0, 0.95, 0.03, 30, 5579.2871093750000000, 158.77, 263
1.0, 1.0, 0.90, 0.05, 30, 5623.6079101562500000, 161.00, 89
1.0, 1.0, 0.99, 0.02, 3, 5995.3120117187500000, 402.34, 132
1.0, 1.0, 0.95, 0.00, 3, 5721.0800781250000000, 195.68, 90
1.0, 2.0, 0.95, 0.05, 3, 5644.1845703125000000, 339.56, 264
1.0, 1.0, 0.95, 0.00, 4, 5713.7900390625000000, 202.11, 91
1.0, 1.0, 0.99, 0.02, 4, 5883.8442382812500000, 387.40, 133
1.0, 1.0, 0.95, 0.00, 5, 5682.7377929687500000, 190.41, 92
1.0, 2.0, 0.95, 0.05, 4, 5637.6708984375000000, 286.57, 265
1.0, 1.0, 0.95, 0.00, 10, 5691.7050781250000000, 177.61, 93
1.0, 1.0, 0.95, 0.00, 20, 5630.1508789062500000, 143.47, 94
1.0, 4.0, 0.90, 0.05, 3, 5771.6430664062500000, 261.00, 384
1.0, 2.0, 0.95, 0.05, 5, 5637.0615234375000000, 484.54, 266
1.0, 1.0, 0.99, 0.02, 5, 5747.9863281250000000, 568.18, 134
1.0, 4.0, 0.90, 0.05, 4, 5785.2973632812500000, 370.55, 385
1.0, 2.0, 0.95, 0.05, 10, 5600.2338867187500000, 258.28, 267
1.0, 4.0, 0.90, 0.05, 5, 5701.0834960937500000, 137.99, 386
1.0, 2.0, 0.95, 0.05, 20, 5588.6127929687500000, 144.08, 268
1.0, 2.0, 0.95, 0.05, 30, 5592.5346679687500000, 171.64, 269
1.0, 4.0, 0.90, 0.05, 10, 5658.0844726562500000, 262.31, 387
1.0, 4.0, 0.90, 0.05, 20, 5671.5898437500000000, 83.36, 388
1.0, 4.0, 0.90, 0.05, 30, 5650.5166015625000000, 62.20, 389
1.0, 4.0, 0.95, 0.00, 3, 5739.9018554687500000, 83.61, 390
1.0, 2.0, 0.99, 0.00, 3, 5740.2651367187500000, 351.22, 270
1.0, 4.0, 0.95, 0.00, 4, 5773.4931640625000000, 83.08, 391
1.0, 4.0, 0.95, 0.00, 5, 5814.4819335937500000, 78.28, 392
1.0, 4.0, 0.95, 0.00, 10, 5731.2636718750000000, 70.70, 393
1.0, 4.0, 0.95, 0.00, 20, 5707.8330078125000000, 59.34, 394
1.0, 4.0, 0.95, 0.00, 30, 5673.8354492187500000, 67.94, 395
1.0, 2.0, 0.99, 0.00, 4, 5727.2055664062500000, 317.81, 271
1.0, 4.0, 0.95, 0.01, 3, 5739.9018554687500000, 81.80, 396
1.0, 4.0, 0.95, 0.01, 4, 5773.4931640625000000, 82.61, 397
1.0, 4.0, 0.95, 0.01, 5, 5814.4819335937500000, 78.45, 398
1.0, 4.0, 0.95, 0.01, 10, 5727.7265625000000000, 72.45, 399
1.0, 1.0, 0.99, 0.02, 10, 5595.7680664062500000, 1540.76, 135
1.0, 4.0, 0.95, 0.01, 20, 5707.8330078125000000, 59.80, 400
1.0, 2.0, 0.99, 0.00, 5, 5667.0185546875000000, 362.14, 272
1.0, 4.0, 0.95, 0.01, 30, 5673.8354492187500000, 69.50, 401
1.0, 4.0, 0.95, 0.02, 3, 5739.9018554687500000, 81.56, 402
1.0, 4.0, 0.95, 0.02, 4, 5773.4931640625000000, 89.39, 403
1.0, 2.0, 0.99, 0.00, 10, 5637.9956054687500000, 304.70, 273
1.0, 4.0, 0.95, 0.02, 5, 5814.4819335937500000, 80.98, 404
1.0, 4.0, 0.95, 0.02, 10, 5727.7265625000000000, 76.65, 405
1.0, 4.0, 0.95, 0.02, 20, 5707.8330078125000000, 62.33, 406
1.0, 4.0, 0.95, 0.02, 30, 5673.8354492187500000, 70.64, 407
1.0, 2.0, 0.99, 0.00, 20, 5617.7617187500000000, 293.86, 274
1.0, 4.0, 0.95, 0.03, 3, 5753.2373046875000000, 89.92, 408
1.0, 4.0, 0.95, 0.03, 4, 5747.3969726562500000, 178.64, 409
1.0, 2.0, 0.99, 0.00, 30, 5602.1850585937500000, 255.04, 275
1.0, 4.0, 0.95, 0.03, 5, 5811.6162109375000000, 109.32, 410
1.0, 4.0, 0.95, 0.03, 10, 5727.7265625000000000, 73.13, 411
1.0, 4.0, 0.95, 0.03, 20, 5647.4780273437500000, 72.78, 412
1.0, 1.0, 0.99, 0.02, 20, 5596.7817382812500000, 1116.07, 136
1.0, 4.0, 0.95, 0.03, 30, 5673.8354492187500000, 67.44, 413
1.0, 4.0, 0.95, 0.05, 3, 5705.2739257812500000, 287.44, 414
1.0, 2.0, 0.99, 0.01, 3, 5673.9467773437500000, 692.51, 276
1.0, 4.0, 0.95, 0.05, 4, 5721.9204101562500000, 221.23, 415
1.0, 1.0, 0.99, 0.02, 30, 5572.5131835937500000, 557.77, 137
1.0, 4.0, 0.95, 0.05, 5, 5779.7597656250000000, 482.32, 416
1.0, 1.0, 0.99, 0.03, 3, 6045.1005859375000000, 389.44, 138
1.0, 4.0, 0.95, 0.05, 10, 5707.0351562500000000, 230.65, 417
1.0, 2.0, 0.99, 0.01, 4, 5662.5556640625000000, 813.30, 277
1.0, 4.0, 0.95, 0.05, 20, 5707.6904296875000000, 83.21, 418
1.0, 4.0, 0.95, 0.05, 30, 5671.9091796875000000, 108.03, 419
1.0, 1.0, 0.99, 0.03, 4, 5917.1728515625000000, 514.96, 139
1.0, 4.0, 0.99, 0.00, 3, 5897.7685546875000000, 189.23, 420
1.0, 2.0, 0.99, 0.01, 5, 5625.1206054687500000, 453.44, 278
1.0, 4.0, 0.99, 0.00, 4, 5735.2509765625000000, 197.26, 421
1.0, 1.0, 0.99, 0.03, 5, 5866.0869140625000000, 326.28, 140
1.0, 4.0, 0.99, 0.00, 5, 5670.6083984375000000, 170.31, 422
1.0, 8.0, 0.90, 0.00, 5, 6105.4140625000000000, 64.18, 512
1.0, 8.0, 0.90, 0.02, 20, 5677.3403320312500000, 57.89, 526
1.0, 8.0, 0.90, 0.00, 10, 5752.4575195312500000, 60.78, 513
1.0, 8.0, 0.90, 0.02, 30, 5674.9394531250000000, 55.64, 527
1.0, 4.0, 0.99, 0.00, 10, 5656.3618164062500000, 188.27, 423
1.0, 8.0, 0.90, 0.00, 5, 6105.4140625000000000, 71.71, 512
1.0, 1.0, 0.99, 0.03, 10, 5691.3530273437500000, 339.32, 141
1.0, 8.0, 0.90, 0.03, 3, 5960.6777343750000000, 70.04, 528
1.0, 8.0, 0.90, 0.00, 10, 5752.4575195312500000, 61.18, 513
1.0, 8.0, 0.95, 0.02, 30, 5682.7910156250000000, 62.02, 557
2.0, 1.0, 0.80, 0.00, 30, 5625.0400390625000000, 64.90, 605
1.0, 8.0, 0.95, 0.00, 4, 5969.4936523437500000, 75.87, 541
1.0, 8.0, 0.90, 0.03, 4, 5806.1733398437500000, 69.24, 529
8.0, 1.0, 0.80, 0.05, 4, 5741.7958984375000000, 78.47, 925
4.0, 1.0, 0.95, 0.00, 30, 5616.6796875000000000, 86.25, 845
2.0, 1.0, 0.95, 0.05, 10, 5784.7700195312500000, 89.52, 717
8.0, 1.0, 0.85, 0.01, 30, 5573.7851562500000000, 89.92, 941
4.0, 1.0, 0.85, 0.00, 4, 5759.5400390625000000, 96.06, 781
4.0, 1.0, 0.90, 0.00, 10, 5625.5356445312500000, 97.00, 813
2.0, 1.0, 0.90, 0.05, 4, 5997.2880859375000000, 103.42, 685
1.0, 8.0, 0.99, 0.00, 10, 5699.3208007812500000, 114.25, 573
4.0, 1.0, 0.85, 0.02, 30, 5560.5722656250000000, 114.07, 797
1.0, 4.0, 0.99, 0.00, 20, 5623.4809570312500000, 141.88, 424
1.0, 8.0, 0.90, 0.00, 20, 5683.4863281250000000, 58.88, 514
1.0, 8.0, 0.95, 0.03, 3, 5955.0107421875000000, 78.91, 558
1.0, 2.0, 0.99, 0.01, 10, 5605.4379882812500000, 626.17, 279
1.0, 8.0, 0.90, 0.03, 5, 6105.4140625000000000, 64.22, 530
1.0, 8.0, 0.95, 0.00, 5, 5762.4223632812500000, 75.42, 542
8.0, 1.0, 0.85, 0.05, 10, 5627.3906250000000000, 147.45, 957
8.0, 1.0, 0.80, 0.01, 10, 5578.7133789062500000, 150.69, 909
1.0, 8.0, 0.99, 0.03, 4, 5851.9575195312500000, 155.90, 589
8.0, 1.0, 0.80, 0.05, 5, 5734.7690429687500000, 89.60, 926
1.0, 8.0, 0.90, 0.00, 30, 5674.9394531250000000, 56.37, 515
2.0, 1.0, 0.80, 0.03, 10, 5644.9208984375000000, 175.77, 621
4.0, 1.0, 0.90, 0.00, 20, 5616.2309570312500000, 91.43, 814
4.0, 1.0, 0.85, 0.00, 5, 5690.9682617187500000, 96.59, 782
1.0, 8.0, 0.90, 0.03, 10, 5752.4575195312500000, 61.45, 531
2.0, 1.0, 0.90, 0.01, 10, 5615.9375000000000000, 209.21, 669
1.0, 8.0, 0.95, 0.03, 4, 5969.4936523437500000, 76.16, 559
1.0, 8.0, 0.99, 0.00, 20, 5672.5307617187500000, 104.53, 574
2.0, 1.0, 0.85, 0.03, 30, 5599.6674804687500000, 220.93, 653
1.0, 8.0, 0.95, 0.00, 10, 5680.2719726562500000, 72.02, 543
4.0, 1.0, 0.85, 0.03, 3, 5839.5131835937500000, 120.91, 798
2.0, 1.0, 0.95, 0.05, 20, 5628.3603515625000000, 152.91, 718
1.0, 8.0, 0.90, 0.01, 3, 5960.6777343750000000, 70.27, 516
8.0, 1.0, 0.90, 0.05, 30, 5605.6704101562500000, 241.84, 989
1.0, 4.0, 0.99, 0.00, 30, 5622.5395507812500000, 139.03, 425
1.0, 8.0, 0.90, 0.03, 20, 5683.4863281250000000, 58.50, 532
4.0, 1.0, 0.90, 0.03, 4, 5751.4926757812500000, 261.90, 829
8.0, 1.0, 0.95, 0.02, 10, 5605.0683593750000000, 259.31, 1005
2.0, 1.0, 0.90, 0.05, 5, 5906.6269531250000000, 164.20, 686
2.0, 1.0, 0.85, 0.05, 3, 6090.1459960937500000, 55.58, 654
4.0, 1.0, 0.85, 0.00, 10, 5721.7250976562500000, 84.19, 783
4.0, 1.0, 0.90, 0.00, 30, 5655.1577148437500000, 93.87, 815
1.0, 8.0, 0.95, 0.00, 20, 5676.3466796875000000, 66.30, 544
1.0, 8.0, 0.95, 0.03, 5, 5762.4877929687500000, 74.34, 560
8.0, 1.0, 0.85, 0.05, 20, 5582.4204101562500000, 138.92, 958
2.0, 1.0, 0.99, 0.02, 4, 5877.9648437500000000, 290.69, 733
2.0, 1.0, 0.85, 0.01, 4, 5639.2626953125000000, 295.76, 637
1.0, 8.0, 0.99, 0.03, 5, 5771.4609375000000000, 143.10, 590
4.0, 1.0, 0.80, 0.02, 10, 5632.0249023437500000, 308.54, 765
1.0, 8.0, 0.90, 0.01, 4, 5806.1733398437500000, 69.66, 517
1.0, 8.0, 0.90, 0.03, 30, 5674.9394531250000000, 56.52, 533
1.0, 8.0, 0.99, 0.00, 30, 5661.8950195312500000, 116.64, 575
8.0, 1.0, 0.80, 0.01, 20, 5576.8647460937500000, 182.50, 910
2.0, 1.0, 0.95, 0.01, 30, 5591.2216796875000000, 340.08, 701
1.0, 8.0, 0.95, 0.00, 30, 5682.7910156250000000, 62.13, 545
8.0, 1.0, 0.80, 0.05, 10, 5617.3730468750000000, 183.61, 927
4.0, 1.0, 0.85, 0.00, 20, 5643.2397460937500000, 81.64, 784
1.0, 8.0, 0.95, 0.03, 10, 5680.2719726562500000, 71.68, 561
2.0, 1.0, 0.90, 0.05, 10, 5738.2807617187500000, 107.23, 687
2.0, 1.0, 0.85, 0.05, 4, 5938.3168945312500000, 99.13, 655
1.0, 8.0, 0.90, 0.01, 5, 6105.4140625000000000, 64.01, 518
2.0, 1.0, 0.90, 0.01, 20, 5582.4282226562500000, 169.72, 670
1.0, 8.0, 0.90, 0.05, 3, 5960.6777343750000000, 69.99, 534
4.0, 1.0, 0.85, 0.03, 4, 5866.7319335937500000, 158.06, 799
2.0, 1.0, 0.80, 0.03, 20, 5638.4287109375000000, 224.90, 622
8.0, 1.0, 0.99, 0.02, 30, 5582.6953125000000000, 408.26, 1037
4.0, 1.0, 0.95, 0.03, 10, 5612.9853515625000000, 421.62, 861
1.0, 8.0, 0.95, 0.03, 20, 5676.3466796875000000, 65.76, 562
1.0, 8.0, 0.95, 0.01, 3, 5955.0107421875000000, 78.39, 546
8.0, 1.0, 0.80, 0.01, 30, 5590.5864257812500000, 93.27, 911
4.0, 1.0, 0.85, 0.00, 30, 5619.2207031250000000, 75.24, 785
1.0, 8.0, 0.90, 0.01, 10, 5752.4575195312500000, 60.79, 519
1.0, 8.0, 0.99, 0.03, 10, 5675.1000976562500000, 141.29, 591
4.0, 1.0, 0.99, 0.03, 30, 5585.3432617187500000, 441.00, 893
4.0, 1.0, 0.90, 0.03, 5, 5709.1035156250000000, 191.81, 830
2.0, 1.0, 0.99, 0.05, 30, 5572.6884765625000000, 455.41, 749
8.0, 1.0, 0.95, 0.02, 20, 5596.3720703125000000, 192.51, 1006
1.0, 8.0, 0.90, 0.05, 4, 5806.1733398437500000, 68.88, 535
4.0, 1.0, 0.85, 0.03, 5, 5720.5903320312500000, 70.26, 800
2.0, 1.0, 0.85, 0.05, 5, 5979.8115234375000000, 93.90, 656
1.0, 8.0, 0.99, 0.01, 3, 5920.3403320312500000, 144.16, 576
1.0, 4.0, 0.99, 0.01, 3, 5902.3212890625000000, 227.84, 426
1.0, 8.0, 0.95, 0.03, 30, 5682.7910156250000000, 61.85, 563
8.0, 1.0, 0.99, 0.00, 4, 5603.4638671875000000, 485.48, 1021
1.0, 8.0, 0.90, 0.01, 20, 5683.4863281250000000, 58.16, 520
8.0, 1.0, 0.85, 0.05, 30, 5582.5795898437500000, 210.93, 959
1.0, 8.0, 0.95, 0.01, 4, 5969.4936523437500000, 75.90, 547
8.0, 1.0, 0.85, 0.02, 3, 5624.4067382812500000, 420.28, 942
8.0, 1.0, 0.95, 0.00, 3, 5629.0668945312500000, 269.73, 990
1.0, 8.0, 0.90, 0.05, 5, 6105.4140625000000000, 64.23, 536
1.0, 1.0, 0.99, 0.03, 20, 5610.6069335937500000, 533.70, 142
4.0, 1.0, 0.80, 0.00, 3, 5707.9829101562500000, 82.01, 750
1.0, 8.0, 0.99, 0.03, 20, 5646.0244140625000000, 101.22, 592
4.0, 1.0, 0.95, 0.01, 3, 5639.8393554687500000, 459.72, 846
8.0, 1.0, 0.80, 0.05, 20, 5605.8242187500000000, 194.75, 928
1.0, 8.0, 0.90, 0.01, 30, 5674.9394531250000000, 55.90, 521
1.0, 8.0, 0.95, 0.05, 3, 5955.0107421875000000, 78.10, 564
1.0, 8.0, 0.95, 0.01, 5, 5762.4877929687500000, 73.51, 548
1.0, 8.0, 0.90, 0.05, 10, 5752.4575195312500000, 61.36, 537
2.0, 1.0, 0.90, 0.01, 30, 5585.7651367187500000, 205.17, 671
2.0, 1.0, 0.95, 0.05, 30, 5607.5581054687500000, 345.38, 719
1.0, 2.0, 0.99, 0.01, 20, 5610.8979492187500000, 451.19, 280
4.0, 1.0, 0.95, 0.03, 20, 5589.9746093750000000, 166.81, 862
8.0, 1.0, 0.90, 0.00, 3, 5672.6845703125000000, 98.71, 960
2.0, 1.0, 0.95, 0.02, 3, 5864.7695312500000000, 268.16, 702
4.0, 1.0, 0.80, 0.00, 4, 5791.5986328125000000, 70.76, 751
1.0, 8.0, 0.99, 0.01, 4, 5839.6093750000000000, 140.73, 577
2.0, 1.0, 0.80, 0.01, 3, 5662.6425781250000000, 556.06, 606
1.0, 8.0, 0.90, 0.02, 3, 5960.6777343750000000, 70.24, 522
1.0, 8.0, 0.90, 0.05, 20, 5683.4863281250000000, 58.35, 538
2.0, 1.0, 0.85, 0.01, 5, 5657.4511718750000000, 347.05, 638
1.0, 8.0, 0.95, 0.05, 4, 5969.4936523437500000, 75.43, 565
1.0, 8.0, 0.95, 0.01, 10, 5683.7382812500000000, 69.45, 549
4.0, 1.0, 0.99, 0.05, 3, 5891.5800781250000000, 206.14, 894
4.0, 1.0, 0.90, 0.01, 3, 5599.8012695312500000, 368.58, 816
2.0, 1.0, 0.99, 0.02, 5, 5744.4565429687500000, 363.52, 734
1.0, 8.0, 0.99, 0.03, 30, 5661.8950195312500000, 115.43, 593
2.0, 1.0, 0.85, 0.05, 10, 5714.9580078125000000, 187.68, 657
2.0, 1.0, 0.80, 0.03, 30, 5586.7275390625000000, 268.40, 623
4.0, 1.0, 0.80, 0.00, 5, 5696.8657226562500000, 69.06, 752
8.0, 1.0, 0.95, 0.02, 30, 5577.5053710937500000, 222.38, 1007
1.0, 8.0, 0.90, 0.02, 4, 5806.1733398437500000, 69.49, 523
8.0, 1.0, 0.90, 0.00, 4, 5683.4672851562500000, 93.63, 961
1.0, 8.0, 0.90, 0.05, 30, 5674.9394531250000000, 55.55, 539
1.0, 4.0, 0.99, 0.01, 4, 5750.2700195312500000, 215.70, 427
8.0, 1.0, 0.99, 0.03, 3, 5756.0541992187500000, 288.28, 1038
1.0, 8.0, 0.95, 0.01, 20, 5676.3466796875000000, 65.80, 550
1.0, 8.0, 0.95, 0.05, 5, 5762.4223632812500000, 75.14, 566
8.0, 1.0, 0.90, 0.02, 4, 5581.4868164062500000, 736.98, 973
2.0, 1.0, 0.90, 0.05, 20, 5612.2988281250000000, 369.56, 688
4.0, 1.0, 0.80, 0.00, 10, 5691.3867187500000000, 67.69, 753
2.0, 1.0, 0.99, 0.00, 3, 6020.2158203125000000, 165.62, 720
1.0, 8.0, 0.90, 0.02, 5, 6105.4140625000000000, 63.57, 524
8.0, 1.0, 0.80, 0.05, 30, 5574.5874023437500000, 207.39, 929
1.0, 8.0, 0.99, 0.01, 5, 5766.7583007812500000, 141.71, 578
2.0, 1.0, 0.95, 0.02, 4, 5851.6181640625000000, 152.53, 703
4.0, 1.0, 0.80, 0.02, 20, 5578.7705078125000000, 452.76, 766
4.0, 1.0, 0.85, 0.03, 10, 5620.0136718750000000, 299.51, 801
8.0, 1.0, 0.95, 0.00, 4, 5619.8847656250000000, 250.00, 991
2.0, 1.0, 0.90, 0.02, 3, 5916.7602539062500000, 189.51, 672
1.0, 8.0, 0.95, 0.01, 30, 5682.7910156250000000, 62.33, 551
8.0, 1.0, 0.90, 0.00, 5, 5639.9921875000000000, 81.67, 962
2.0, 1.0, 0.99, 0.02, 10, 5800.7250976562500000, 124.91, 735
2.0, 1.0, 0.80, 0.05, 3, 6053.4018554687500000, 119.83, 624
1.0, 8.0, 0.95, 0.05, 10, 5680.2719726562500000, 71.46, 567
4.0, 1.0, 0.99, 0.01, 4, 5612.5068359375000000, 787.57, 877
1.0, 8.0, 0.99, 0.05, 3, 5920.3403320312500000, 145.29, 594
4.0, 1.0, 0.99, 0.05, 4, 5927.3354492187500000, 153.66, 895
4.0, 1.0, 0.80, 0.00, 20, 5626.0869140625000000, 60.83, 754
4.0, 1.0, 0.90, 0.03, 10, 5599.8984375000000000, 353.19, 831
1.0, 8.0, 0.90, 0.02, 10, 5752.4575195312500000, 61.27, 525
4.0, 1.0, 0.95, 0.03, 30, 5600.1958007812500000, 255.94, 863
8.0, 1.0, 0.85, 0.00, 3, 5705.4960937500000000, 91.27, 930
1.0, 8.0, 0.95, 0.02, 3, 5955.0107421875000000, 78.68, 552
1.0, 8.0, 0.95, 0.05, 20, 5676.3466796875000000, 66.01, 568
2.0, 1.0, 0.80, 0.05, 4, 5973.3657226562500000, 68.21, 625
4.0, 1.0, 0.80, 0.02, 30, 5622.8500976562500000, 96.99, 767
8.0, 1.0, 0.90, 0.00, 10, 5627.3447265625000000, 84.99, 963
4.0, 1.0, 0.80, 0.00, 30, 5639.5517578125000000, 53.98, 755
8.0, 1.0, 0.95, 0.03, 3, 5763.0283203125000000, 187.99, 1008
4.0, 1.0, 0.95, 0.01, 4, 5581.5200195312500000, 324.94, 847
2.0, 1.0, 0.85, 0.01, 10, 5671.2397460937500000, 232.78, 639
2.0, 1.0, 0.85, 0.05, 20, 5587.5249023437500000, 225.25, 658
8.0, 1.0, 0.85, 0.02, 4, 5633.4042968750000000, 369.50, 943
1.0, 4.0, 0.99, 0.01, 5, 5750.4375000000000000, 184.65, 428
8.0, 1.0, 0.80, 0.02, 3, 5573.5195312500000000, 455.84, 912
2.0, 1.0, 0.90, 0.02, 4, 5870.1113281250000000, 113.14, 673
1.0, 8.0, 0.99, 0.01, 10, 5715.0361328125000000, 134.78, 579
1.0, 8.0, 0.95, 0.05, 30, 5682.7910156250000000, 61.74, 569
1.0, 8.0, 0.95, 0.02, 4, 5969.4936523437500000, 75.70, 553
8.0, 1.0, 0.85, 0.00, 4, 5741.6386718750000000, 84.85, 931
8.0, 1.0, 0.90, 0.00, 20, 5602.2661132812500000, 78.16, 964
4.0, 1.0, 0.80, 0.03, 3, 5931.3447265625000000, 84.07, 768
1.0, 2.0, 0.99, 0.01, 30, 5587.9389648437500000, 356.61, 281
1.0, 8.0, 0.99, 0.05, 4, 5835.9086914062500000, 146.60, 595
4.0, 1.0, 0.85, 0.03, 20, 5603.5649414062500000, 185.88, 802
4.0, 1.0, 0.95, 0.05, 3, 5934.1806640625000000, 114.08, 864
8.0, 1.0, 0.99, 0.00, 5, 5594.3452148437500000, 479.54, 1022
8.0, 1.0, 0.90, 0.02, 5, 5613.1992187500000000, 241.26, 974
2.0, 1.0, 0.85, 0.01, 20, 5581.9428710937500000, 109.11, 640
1.0, 8.0, 0.99, 0.01, 20, 5646.0244140625000000, 101.35, 580
4.0, 1.0, 0.90, 0.01, 4, 5604.4057617187500000, 346.77, 817
8.0, 1.0, 0.95, 0.03, 4, 5697.8222656250000000, 136.85, 1009
1.0, 8.0, 0.95, 0.02, 5, 5762.4877929687500000, 74.43, 554
2.0, 1.0, 0.80, 0.05, 5, 5876.1752929687500000, 149.78, 626
8.0, 1.0, 0.90, 0.00, 30, 5635.7900390625000000, 73.10, 965
8.0, 1.0, 0.95, 0.00, 5, 5629.8564453125000000, 250.59, 992
8.0, 1.0, 0.85, 0.00, 5, 5681.3447265625000000, 85.03, 932
1.0, 4.0, 0.99, 0.01, 10, 5704.8618164062500000, 146.21, 429
4.0, 1.0, 0.99, 0.05, 5, 5803.5136718750000000, 228.65, 896
2.0, 1.0, 0.80, 0.01, 4, 5610.7724609375000000, 415.89, 607
8.0, 1.0, 0.99, 0.03, 4, 5679.2846679687500000, 334.12, 1039
4.0, 1.0, 0.95, 0.05, 4, 5912.5737304687500000, 90.91, 865
2.0, 1.0, 0.85, 0.05, 30, 5609.6933593750000000, 174.38, 659
1.0, 8.0, 0.99, 0.00, 3, 5920.3403320312500000, 150.21, 570
4.0, 1.0, 0.90, 0.03, 20, 5588.0786132812500000, 264.53, 832
1.0, 8.0, 0.95, 0.02, 10, 5680.2719726562500000, 71.10, 555
4.0, 1.0, 0.85, 0.03, 30, 5573.2353515625000000, 126.21, 803
2.0, 1.0, 0.90, 0.05, 30, 5599.2128906250000000, 339.01, 689
1.0, 8.0, 0.99, 0.05, 5, 5767.9218750000000000, 137.77, 596
2.0, 1.0, 0.85, 0.01, 30, 5593.5537109375000000, 102.70, 641
1.0, 8.0, 0.99, 0.01, 30, 5662.3500976562500000, 97.38, 581
8.0, 1.0, 0.85, 0.00, 10, 5639.7836914062500000, 76.33, 933
2.0, 1.0, 0.95, 0.02, 5, 5744.4047851562500000, 339.52, 704
4.0, 1.0, 0.80, 0.03, 4, 5782.6542968750000000, 177.27, 769
8.0, 1.0, 0.85, 0.02, 5, 5603.2060546875000000, 249.87, 944
1.0, 8.0, 0.95, 0.02, 20, 5676.3466796875000000, 66.46, 556
4.0, 1.0, 0.95, 0.05, 5, 5842.4375000000000000, 93.94, 866
2.0, 1.0, 0.90, 0.00, 3, 5716.4990234375000000, 96.14, 660
4.0, 1.0, 0.85, 0.01, 3, 5594.8823242187500000, 735.74, 786
8.0, 1.0, 0.85, 0.00, 20, 5590.3935546875000000, 76.60, 934
1.0, 4.0, 0.99, 0.01, 20, 5625.4282226562500000, 142.02, 430
8.0, 1.0, 0.90, 0.02, 10, 5560.9228515625000000, 204.47, 975
2.0, 1.0, 0.85, 0.02, 3, 5907.9228515625000000, 104.24, 642
4.0, 1.0, 0.80, 0.01, 3, 5604.3310546875000000, 345.66, 756
1.0, 8.0, 0.99, 0.05, 10, 5706.0195312500000000, 121.29, 597
1.0, 8.0, 0.99, 0.00, 4, 5839.6093750000000000, 141.17, 571
4.0, 1.0, 0.85, 0.05, 3, 5923.8754882812500000, 136.84, 804
8.0, 1.0, 0.95, 0.00, 10, 5627.3481445312500000, 206.65, 993
8.0, 1.0, 0.85, 0.00, 30, 5604.2065429687500000, 71.68, 935
2.0, 1.0, 0.90, 0.00, 4, 5739.4443359375000000, 95.94, 661
1.0, 8.0, 0.99, 0.02, 3, 5844.3901367187500000, 156.56, 582
4.0, 1.0, 0.90, 0.01, 5, 5616.5800781250000000, 257.60, 818
8.0, 1.0, 0.95, 0.03, 5, 5609.3886718750000000, 254.08, 1010
2.0, 1.0, 0.80, 0.05, 10, 5672.8261718750000000, 261.90, 627
2.0, 1.0, 0.95, 0.00, 3, 5705.8564453125000000, 190.68, 690
2.0, 1.0, 0.99, 0.00, 4, 5679.5883789062500000, 530.37, 721
4.0, 1.0, 0.90, 0.03, 30, 5622.2221679687500000, 213.61, 833
4.0, 1.0, 0.95, 0.01, 5, 5606.0483398437500000, 414.84, 848
2.0, 1.0, 0.85, 0.02, 4, 5828.7910156250000000, 100.66, 643
1.0, 1.0, 0.99, 0.03, 30, 5575.2851562500000000, 763.82, 143
1.0, 4.0, 0.99, 0.01, 30, 5622.5395507812500000, 137.02, 431
1.0, 8.0, 0.99, 0.05, 20, 5644.1000976562500000, 105.62, 598
4.0, 1.0, 0.85, 0.05, 4, 5846.6665039062500000, 100.43, 805
8.0, 1.0, 0.80, 0.02, 4, 5602.1313476562500000, 432.09, 913
8.0, 1.0, 0.99, 0.00, 10, 5600.7001953125000000, 359.26, 1023
2.0, 1.0, 0.80, 0.01, 5, 5617.2021484375000000, 294.77, 608
2.0, 1.0, 0.90, 0.00, 5, 5802.1904296875000000, 86.50, 662
4.0, 1.0, 0.80, 0.03, 5, 5741.6928710937500000, 220.25, 770
1.0, 8.0, 0.99, 0.00, 5, 5767.9218750000000000, 137.55, 572
4.0, 1.0, 0.95, 0.05, 10, 5662.8085937500000000, 218.37, 867
8.0, 1.0, 0.90, 0.02, 20, 5584.5078125000000000, 180.01, 976
2.0, 1.0, 0.90, 0.02, 5, 5646.5395507812500000, 483.76, 674
4.0, 1.0, 0.90, 0.05, 3, 6025.7749023437500000, 84.68, 834
4.0, 1.0, 0.99, 0.05, 10, 5658.4711914062500000, 339.59, 897
4.0, 1.0, 0.85, 0.05, 5, 5830.0224609375000000, 60.06, 806
4.0, 1.0, 0.80, 0.01, 4, 5632.3959960937500000, 170.60, 757
1.0, 8.0, 0.99, 0.02, 4, 5797.6684570312500000, 138.27, 583
8.0, 1.0, 0.90, 0.01, 3, 5628.0112304687500000, 384.55, 966
2.0, 1.0, 0.90, 0.00, 10, 5661.4282226562500000, 78.43, 663
4.0, 1.0, 0.90, 0.01, 10, 5585.8369140625000000, 165.09, 819
1.0, 8.0, 0.99, 0.05, 30, 5661.8950195312500000, 116.27, 599
2.0, 1.0, 0.80, 0.05, 20, 5627.6308593750000000, 166.03, 628
8.0, 1.0, 0.95, 0.00, 20, 5628.6103515625000000, 214.15, 994
4.0, 1.0, 0.99, 0.05, 20, 5706.4785156250000000, 67.55, 898
2.0, 1.0, 0.95, 0.00, 4, 5678.0996093750000000, 172.95, 691
2.0, 1.0, 0.95, 0.02, 10, 5630.8730468750000000, 352.58, 705
2.0, 1.0, 0.80, 0.01, 10, 5573.8994140625000000, 124.82, 609
8.0, 1.0, 0.95, 0.03, 10, 5599.1357421875000000, 198.69, 1011
4.0, 1.0, 0.90, 0.05, 4, 5939.0791015625000000, 98.20, 835
8.0, 1.0, 0.90, 0.02, 30, 5610.2744140625000000, 111.20, 977
8.0, 1.0, 0.85, 0.01, 3, 5618.9038085937500000, 257.83, 936
2.0, 1.0, 0.90, 0.00, 20, 5635.1562500000000000, 88.83, 664
4.0, 1.0, 0.99, 0.01, 5, 5593.2885742187500000, 714.23, 878
2.0, 1.0, 0.80, 0.00, 3, 5943.1450195312500000, 77.87, 600
1.0, 4.0, 0.99, 0.02, 3, 5893.0507812500000000, 203.46, 432
1.0, 8.0, 0.99, 0.02, 5, 5767.9218750000000000, 138.36, 584
4.0, 1.0, 0.95, 0.01, 10, 5585.0703125000000000, 259.42, 849
8.0, 1.0, 0.85, 0.02, 10, 5569.5722656250000000, 417.39, 945
4.0, 1.0, 0.80, 0.01, 5, 5618.5249023437500000, 177.81, 758
8.0, 1.0, 0.99, 0.03, 5, 5639.4360351562500000, 520.46, 1040
2.0, 1.0, 0.80, 0.01, 20, 5601.6450195312500000, 103.59, 610
4.0, 1.0, 0.85, 0.01, 4, 5649.0991210937500000, 393.36, 787
8.0, 1.0, 0.90, 0.01, 4, 5608.9716796875000000, 174.13, 967
4.0, 1.0, 0.85, 0.05, 10, 5683.7749023437500000, 201.79, 807
2.0, 1.0, 0.90, 0.00, 30, 5642.2275390625000000, 73.74, 665
2.0, 1.0, 0.80, 0.00, 4, 5762.3657226562500000, 81.30, 601
2.0, 1.0, 0.85, 0.02, 5, 5696.5634765625000000, 300.64, 644
4.0, 1.0, 0.90, 0.05, 5, 5767.6738281250000000, 128.25, 836
8.0, 1.0, 0.95, 0.00, 30, 5607.7788085937500000, 174.93, 995
4.0, 1.0, 0.80, 0.03, 10, 5644.6630859375000000, 272.47, 771
4.0, 1.0, 0.95, 0.05, 20, 5600.2031250000000000, 254.21, 868
8.0, 1.0, 0.99, 0.00, 20, 5589.8784179687500000, 290.61, 1024
2.0, 1.0, 0.95, 0.00, 5, 5685.2568359375000000, 175.63, 692
8.0, 1.0, 0.95, 0.03, 20, 5601.1386718750000000, 183.91, 1012
1.0, 1.0, 0.99, 0.05, 3, 6112.0014648437500000, 344.16, 144
1.0, 8.0, 0.99, 0.02, 10, 5693.8974609375000000, 124.68, 585
2.0, 1.0, 0.80, 0.00, 5, 5856.1669921875000000, 73.80, 602
8.0, 1.0, 0.85, 0.02, 20, 5569.8583984375000000, 129.07, 946
4.0, 1.0, 0.90, 0.01, 20, 5585.2915039062500000, 262.79, 820
2.0, 1.0, 0.90, 0.02, 10, 5655.6186523437500000, 327.27, 675
4.0, 1.0, 0.90, 0.05, 10, 5715.4575195312500000, 104.49, 837
8.0, 1.0, 0.90, 0.03, 3, 5724.2714843750000000, 226.45, 978
1.0, 4.0, 0.99, 0.02, 4, 5724.4311523437500000, 203.98, 433
2.0, 1.0, 0.80, 0.01, 30, 5598.1201171875000000, 174.48, 611
2.0, 1.0, 0.80, 0.00, 10, 5674.9321289062500000, 73.09, 603
2.0, 1.0, 0.95, 0.02, 20, 5590.9492187500000000, 285.56, 706
4.0, 1.0, 0.99, 0.05, 30, 5600.6201171875000000, 310.98, 899
1.0, 8.0, 0.99, 0.02, 20, 5646.0244140625000000, 100.48, 586
2.0, 1.0, 0.99, 0.02, 20, 5586.2382812500000000, 984.69, 736
4.0, 1.0, 0.85, 0.05, 20, 5589.3447265625000000, 194.75, 808
8.0, 1.0, 0.90, 0.01, 5, 5587.6831054687500000, 208.52, 968
2.0, 1.0, 0.95, 0.00, 10, 5678.7949218750000000, 174.80, 693
2.0, 1.0, 0.80, 0.00, 20, 5639.3857421875000000, 66.23, 604
8.0, 1.0, 0.95, 0.03, 30, 5590.0424804687500000, 174.19, 1013
8.0, 1.0, 0.99, 0.03, 10, 5651.5439453125000000, 258.85, 1041
8.0, 1.0, 0.85, 0.02, 30, 5572.8203125000000000, 141.55, 947
2.0, 1.0, 0.99, 0.00, 5, 5693.5522460937500000, 539.55, 722
8.0, 1.0, 0.80, 0.00, 3, 5730.7016601562500000, 78.40, 900
2.0, 1.0, 0.80, 0.05, 30, 5599.4262695312500000, 399.60, 629
8.0, 1.0, 0.80, 0.02, 5, 5614.7983398437500000, 518.01, 914
2.0, 1.0, 0.85, 0.02, 10, 5654.5073242187500000, 253.83, 645
4.0, 1.0, 0.95, 0.01, 20, 5578.5068359375000000, 309.12, 850
2.0, 1.0, 0.80, 0.02, 3, 5886.1757812500000000, 126.44, 612
1.0, 8.0, 0.99, 0.02, 30, 5661.8950195312500000, 115.68, 587
4.0, 1.0, 0.90, 0.01, 30, 5632.5883789062500000, 190.92, 821
4.0, 1.0, 0.80, 0.01, 10, 5631.9594726562500000, 323.59, 759
1.0, 2.0, 0.99, 0.02, 3, 5590.4023437500000000, 933.32, 282
8.0, 1.0, 0.80, 0.00, 4, 5652.9853515625000000, 76.44, 901
8.0, 1.0, 0.85, 0.01, 4, 5609.6806640625000000, 406.75, 937
2.0, 1.0, 0.95, 0.00, 20, 5630.2988281250000000, 120.12, 694
1.0, 4.0, 0.99, 0.02, 5, 5712.3320312500000000, 205.49, 434
2.0, 1.0, 0.90, 0.02, 20, 5580.2089843750000000, 225.07, 676
2.0, 1.0, 0.85, 0.00, 3, 5942.3520507812500000, 89.53, 630
1.0, 1.0, 0.99, 0.05, 4, 6079.4692382812500000, 297.93, 145
8.0, 1.0, 0.90, 0.01, 10, 5571.9140625000000000, 170.04, 969
8.0, 1.0, 0.99, 0.00, 30, 5565.5366210937500000, 337.58, 1025
4.0, 1.0, 0.80, 0.03, 20, 5589.2670898437500000, 352.76, 772
4.0, 1.0, 0.95, 0.01, 30, 5603.5234375000000000, 110.21, 851
8.0, 1.0, 0.85, 0.03, 3, 5740.5639648437500000, 146.51, 948
4.0, 1.0, 0.85, 0.01, 5, 5619.0795898437500000, 406.70, 788
8.0, 1.0, 0.80, 0.00, 5, 5698.1279296875000000, 70.49, 902
8.0, 1.0, 0.95, 0.05, 3, 5782.0000000000000000, 165.61, 1014
2.0, 1.0, 0.95, 0.02, 30, 5607.7275390625000000, 270.52, 707
2.0, 1.0, 0.85, 0.00, 4, 5683.4843750000000000, 86.10, 631
4.0, 1.0, 0.90, 0.02, 3, 5890.8447265625000000, 134.65, 822
1.0, 8.0, 0.99, 0.03, 3, 5920.3403320312500000, 144.50, 588
4.0, 1.0, 0.80, 0.01, 20, 5586.1000976562500000, 140.98, 760
8.0, 1.0, 0.99, 0.01, 3, 5947.0205078125000000, 80.79, 1026
8.0, 1.0, 0.80, 0.00, 10, 5632.8505859375000000, 74.42, 903
8.0, 1.0, 0.90, 0.03, 4, 5647.4243164062500000, 350.04, 979
2.0, 1.0, 0.95, 0.00, 30, 5588.5332031250000000, 151.82, 695
4.0, 1.0, 0.80, 0.03, 30, 5616.7543945312500000, 104.92, 773
2.0, 1.0, 0.85, 0.02, 20, 5587.7539062500000000, 228.48, 646
8.0, 1.0, 0.90, 0.01, 20, 5573.4912109375000000, 127.29, 970
4.0, 1.0, 0.95, 0.05, 30, 5578.0512695312500000, 461.03, 869
8.0, 1.0, 0.85, 0.03, 4, 5675.9750976562500000, 113.09, 949
4.0, 1.0, 0.85, 0.05, 30, 5563.8686523437500000, 314.72, 809
4.0, 1.0, 0.99, 0.01, 10, 5571.6386718750000000, 583.22, 879
8.0, 1.0, 0.80, 0.02, 10, 5580.4682617187500000, 255.20, 915
2.0, 1.0, 0.85, 0.00, 5, 5757.7470703125000000, 85.90, 632
2.0, 1.0, 0.90, 0.02, 30, 5611.5239257812500000, 181.96, 677
2.0, 1.0, 0.95, 0.03, 3, 6021.6850585937500000, 98.67, 708
1.0, 4.0, 0.99, 0.02, 10, 5656.3618164062500000, 187.07, 435
8.0, 1.0, 0.80, 0.00, 20, 5679.9531250000000000, 59.78, 904
1.0, 1.0, 0.99, 0.05, 5, 6016.7104492187500000, 179.69, 146
4.0, 1.0, 0.80, 0.05, 3, 5981.6894531250000000, 78.88, 774
4.0, 1.0, 0.99, 0.01, 20, 5706.4785156250000000, 66.34, 880
2.0, 1.0, 0.80, 0.02, 4, 5778.7656250000000000, 298.63, 613
8.0, 1.0, 0.85, 0.01, 5, 5608.7050781250000000, 251.89, 938
8.0, 1.0, 0.80, 0.00, 30, 5609.0893554687500000, 57.36, 905
8.0, 1.0, 0.95, 0.01, 3, 5602.4179687500000000, 555.29, 996
2.0, 1.0, 0.85, 0.00, 10, 5732.0932617187500000, 80.91, 633
2.0, 1.0, 0.90, 0.03, 3, 5976.3237304687500000, 82.59, 678
4.0, 1.0, 0.80, 0.01, 30, 5605.6152343750000000, 174.05, 761
4.0, 1.0, 0.95, 0.02, 3, 5838.6259765625000000, 229.85, 852
4.0, 1.0, 0.85, 0.01, 10, 5597.9897460937500000, 226.13, 789
4.0, 1.0, 0.90, 0.00, 3, 5656.5932617187500000, 117.98, 810
8.0, 1.0, 0.95, 0.05, 4, 5758.8208007812500000, 230.37, 1015
8.0, 1.0, 0.90, 0.01, 30, 5598.6157226562500000, 135.07, 971
1.0, 4.0, 0.99, 0.02, 20, 5625.6948242187500000, 121.94, 436
2.0, 1.0, 0.99, 0.02, 30, 5572.0180664062500000, 469.27, 737
4.0, 1.0, 0.80, 0.05, 4, 5925.6157226562500000, 90.84, 775
8.0, 1.0, 0.80, 0.02, 20, 5601.2124023437500000, 152.05, 916
2.0, 1.0, 0.85, 0.00, 20, 5674.5097656250000000, 73.74, 634
2.0, 1.0, 0.99, 0.00, 10, 5619.9350585937500000, 435.91, 723
2.0, 1.0, 0.85, 0.02, 30, 5590.3344726562500000, 189.64, 647
2.0, 1.0, 0.95, 0.03, 4, 5853.4624023437500000, 184.35, 709
8.0, 1.0, 0.90, 0.03, 5, 5657.6523437500000000, 239.24, 980
4.0, 1.0, 0.90, 0.00, 4, 5712.3378906250000000, 96.78, 811
8.0, 1.0, 0.85, 0.01, 10, 5587.3481445312500000, 144.03, 939
2.0, 1.0, 0.90, 0.01, 3, 5640.0600585937500000, 728.65, 666
2.0, 1.0, 0.80, 0.02, 5, 5742.5834960937500000, 148.39, 614
4.0, 1.0, 0.99, 0.00, 3, 5934.6845703125000000, 231.58, 870
2.0, 1.0, 0.90, 0.03, 4, 5909.6381835937500000, 124.68, 679
2.0, 1.0, 0.85, 0.00, 30, 5640.5244140625000000, 72.73, 635
4.0, 1.0, 0.80, 0.05, 5, 5842.2548828125000000, 85.51, 776
4.0, 1.0, 0.80, 0.02, 3, 5765.3745117187500000, 133.70, 762
4.0, 1.0, 0.85, 0.01, 20, 5600.8588867187500000, 148.41, 790
8.0, 1.0, 0.80, 0.01, 3, 5607.2182617187500000, 181.62, 906
8.0, 1.0, 0.95, 0.05, 5, 5731.7441406250000000, 138.94, 1016
4.0, 1.0, 0.90, 0.05, 20, 5592.9794921875000000, 670.16, 838
1.0, 4.0, 0.99, 0.02, 30, 5622.5395507812500000, 142.48, 437
8.0, 1.0, 0.80, 0.02, 30, 5586.2788085937500000, 135.36, 917
4.0, 1.0, 0.90, 0.00, 5, 5781.9218750000000000, 90.30, 812
2.0, 1.0, 0.85, 0.03, 3, 6040.1552734375000000, 127.25, 648
2.0, 1.0, 0.90, 0.03, 5, 5884.7944335937500000, 89.10, 680
8.0, 1.0, 0.85, 0.03, 5, 5600.8227539062500000, 336.98, 950
2.0, 1.0, 0.99, 0.03, 3, 6007.6816406250000000, 198.60, 738
8.0, 1.0, 0.85, 0.01, 20, 5579.1953125000000000, 146.47, 940
2.0, 1.0, 0.95, 0.03, 5, 5746.0869140625000000, 161.48, 710
4.0, 1.0, 0.80, 0.02, 4, 5718.2773437500000000, 130.99, 763
4.0, 1.0, 0.85, 0.01, 30, 5561.3872070312500000, 118.90, 791
2.0, 1.0, 0.85, 0.01, 3, 5684.9384765625000000, 171.71, 636
4.0, 1.0, 0.80, 0.05, 10, 5723.9663085937500000, 184.44, 777
2.0, 1.0, 0.95, 0.01, 3, 5721.7763671875000000, 463.69, 696
8.0, 1.0, 0.80, 0.01, 4, 5580.3486328125000000, 188.57, 907
1.0, 1.0, 0.99, 0.05, 10, 5753.1962890625000000, 419.47, 147
8.0, 1.0, 0.99, 0.03, 20, 5578.0092773437500000, 754.09, 1042
4.0, 1.0, 0.90, 0.05, 30, 5609.7421875000000000, 200.65, 839
1.0, 4.0, 0.99, 0.03, 3, 5893.0507812500000000, 203.25, 438
4.0, 1.0, 0.95, 0.02, 4, 5673.9350585937500000, 387.13, 853
8.0, 1.0, 0.80, 0.03, 3, 5706.8076171875000000, 224.66, 918
8.0, 1.0, 0.90, 0.03, 10, 5590.5039062500000000, 319.18, 981
2.0, 1.0, 0.80, 0.02, 10, 5624.0620117187500000, 311.13, 615
4.0, 1.0, 0.85, 0.02, 3, 5773.5590820312500000, 172.39, 792
8.0, 1.0, 0.95, 0.05, 10, 5619.0527343750000000, 302.79, 1017
4.0, 1.0, 0.99, 0.01, 30, 5576.5888671875000000, 501.00, 881
2.0, 1.0, 0.85, 0.03, 4, 5852.1347656250000000, 270.91, 649
4.0, 1.0, 0.90, 0.02, 4, 5651.1430664062500000, 664.59, 823
2.0, 1.0, 0.90, 0.03, 10, 5612.5068359375000000, 280.76, 681
8.0, 1.0, 0.80, 0.01, 5, 5615.3393554687500000, 148.65, 908
2.0, 1.0, 0.99, 0.00, 20, 5591.0112304687500000, 436.56, 724
8.0, 1.0, 0.90, 0.02, 3, 5589.1655273437500000, 485.08, 972
8.0, 1.0, 0.85, 0.03, 10, 5579.4272460937500000, 304.74, 951
4.0, 1.0, 0.80, 0.05, 20, 5601.9584960937500000, 214.46, 778
8.0, 1.0, 0.80, 0.03, 4, 5688.9521484375000000, 138.55, 919
1.0, 2.0, 0.99, 0.02, 4, 5618.6372070312500000, 861.79, 283
4.0, 1.0, 0.95, 0.00, 3, 5690.1401367187500000, 175.85, 840
2.0, 1.0, 0.85, 0.03, 5, 5895.1176757812500000, 88.50, 650
2.0, 1.0, 0.90, 0.01, 4, 5601.7099609375000000, 462.66, 667
2.0, 1.0, 0.95, 0.03, 10, 5658.0839843750000000, 329.06, 711
2.0, 1.0, 0.80, 0.02, 20, 5586.5000000000000000, 180.37, 616
1.0, 4.0, 0.99, 0.03, 4, 5768.4428710937500000, 228.54, 439
2.0, 1.0, 0.99, 0.03, 4, 5797.0849609375000000, 390.14, 739
4.0, 1.0, 0.99, 0.02, 3, 5934.6845703125000000, 197.34, 882
4.0, 1.0, 0.80, 0.02, 5, 5655.8349609375000000, 413.59, 764
8.0, 1.0, 0.99, 0.01, 4, 5576.5175781250000000, 848.44, 1027
8.0, 1.0, 0.95, 0.01, 4, 5596.8212890625000000, 733.91, 997
8.0, 1.0, 0.95, 0.05, 20, 5595.2773437500000000, 250.20, 1018
1.0, 1.0, 0.99, 0.05, 20, 5633.1098632812500000, 373.87, 148
4.0, 1.0, 0.95, 0.00, 4, 5700.7651367187500000, 183.86, 841
2.0, 1.0, 0.99, 0.03, 5, 6014.7153320312500000, 116.14, 740
2.0, 1.0, 0.80, 0.02, 30, 5591.6420898437500000, 166.62, 617
4.0, 1.0, 0.99, 0.00, 4, 5614.3330078125000000, 657.01, 871
8.0, 1.0, 0.90, 0.03, 20, 5568.3979492187500000, 357.90, 982
2.0, 1.0, 0.95, 0.03, 20, 5591.9077148437500000, 200.51, 712
4.0, 1.0, 0.95, 0.02, 5, 5605.0527343750000000, 422.50, 854
8.0, 1.0, 0.85, 0.03, 20, 5562.6772460937500000, 294.69, 952
2.0, 1.0, 0.99, 0.00, 30, 5580.9785156250000000, 331.47, 725
2.0, 1.0, 0.80, 0.03, 3, 5967.6845703125000000, 70.24, 618
2.0, 1.0, 0.85, 0.03, 10, 5701.2060546875000000, 286.99, 651
2.0, 1.0, 0.90, 0.03, 20, 5579.7495117187500000, 357.95, 682
1.0, 4.0, 0.99, 0.03, 5, 5658.1523437500000000, 234.99, 440
8.0, 1.0, 0.99, 0.03, 30, 5580.0922851562500000, 506.84, 1043
4.0, 1.0, 0.80, 0.05, 30, 5600.2910156250000000, 356.66, 779
2.0, 1.0, 0.90, 0.01, 5, 5609.2958984375000000, 324.70, 668
4.0, 1.0, 0.95, 0.00, 5, 5661.7739257812500000, 160.42, 842
8.0, 1.0, 0.95, 0.05, 30, 5574.0395507812500000, 228.92, 1019
8.0, 1.0, 0.80, 0.03, 5, 5607.0341796875000000, 410.86, 920
2.0, 1.0, 0.95, 0.03, 30, 5615.0034179687500000, 185.43, 713
8.0, 1.0, 0.99, 0.05, 3, 5947.0205078125000000, 97.62, 1044
1.0, 4.0, 0.99, 0.03, 10, 5667.3217773437500000, 142.22, 441
2.0, 1.0, 0.80, 0.03, 4, 5864.1723632812500000, 150.27, 619
4.0, 1.0, 0.85, 0.00, 3, 5698.0092773437500000, 106.45, 780
2.0, 1.0, 0.85, 0.03, 20, 5608.1147460937500000, 153.97, 652
4.0, 1.0, 0.99, 0.02, 4, 5684.8867187500000000, 350.78, 883
8.0, 1.0, 0.99, 0.00, 3, 5947.0205078125000000, 83.39, 1020
8.0, 1.0, 0.85, 0.03, 30, 5573.1577148437500000, 201.39, 953
4.0, 1.0, 0.85, 0.02, 4, 5589.1420898437500000, 594.45, 793
8.0, 1.0, 0.90, 0.03, 30, 5580.8457031250000000, 272.60, 983
2.0, 1.0, 0.95, 0.05, 3, 6101.5488281250000000, 85.32, 714
4.0, 1.0, 0.95, 0.00, 10, 5651.5532226562500000, 160.62, 843
2.0, 1.0, 0.80, 0.03, 5, 5913.9892578125000000, 102.39, 620
8.0, 1.0, 0.85, 0.05, 3, 5839.1655273437500000, 77.53, 954
1.0, 4.0, 0.99, 0.03, 20, 5623.4809570312500000, 140.79, 442
2.0, 1.0, 0.99, 0.01, 3, 5916.8837890625000000, 320.63, 726
8.0, 1.0, 0.95, 0.01, 5, 5594.4516601562500000, 450.31, 998
8.0, 1.0, 0.90, 0.05, 3, 5774.7597656250000000, 127.55, 984
4.0, 1.0, 0.95, 0.00, 20, 5611.7500000000000000, 119.55, 844
8.0, 1.0, 0.85, 0.05, 4, 5772.8481445312500000, 89.65, 955
8.0, 1.0, 0.99, 0.05, 4, 5767.0600585937500000, 222.87, 1045
4.0, 1.0, 0.90, 0.02, 5, 5592.3398437500000000, 729.32, 824
4.0, 1.0, 0.95, 0.02, 10, 5618.7871093750000000, 405.55, 855
2.0, 1.0, 0.95, 0.05, 4, 5951.2099609375000000, 160.26, 715
8.0, 1.0, 0.99, 0.01, 5, 5604.5454101562500000, 548.09, 1028
8.0, 1.0, 0.80, 0.03, 10, 5579.8188476562500000, 287.39, 921
8.0, 1.0, 0.90, 0.05, 4, 5831.3027343750000000, 84.81, 985
1.0, 4.0, 0.99, 0.03, 30, 5622.5395507812500000, 136.17, 443
1.0, 2.0, 0.99, 0.02, 5, 5646.6611328125000000, 728.59, 284
2.0, 1.0, 0.90, 0.03, 30, 5584.4746093750000000, 440.54, 683
2.0, 1.0, 0.95, 0.05, 5, 5925.4580078125000000, 123.62, 716
8.0, 1.0, 0.85, 0.05, 5, 5722.8969726562500000, 170.31, 956
4.0, 1.0, 0.95, 0.02, 20, 5588.3339843750000000, 170.36, 856
2.0, 1.0, 0.99, 0.01, 4, 5890.6650390625000000, 241.02, 727
4.0, 1.0, 0.99, 0.00, 5, 5628.2373046875000000, 678.64, 872
8.0, 1.0, 0.99, 0.05, 5, 5659.7368164062500000, 261.30, 1046
8.0, 1.0, 0.80, 0.03, 20, 5614.6293945312500000, 226.90, 922
2.0, 1.0, 0.95, 0.01, 4, 5571.2656250000000000, 1135.05, 697
2.0, 1.0, 0.90, 0.05, 3, 6050.9233398437500000, 191.72, 684
4.0, 1.0, 0.90, 0.02, 10, 5593.3393554687500000, 273.54, 825
4.0, 1.0, 0.99, 0.02, 5, 5633.1538085937500000, 477.91, 884
1.0, 1.0, 0.99, 0.05, 30, 5598.9208984375000000, 788.67, 149
4.0, 1.0, 0.85, 0.02, 5, 5679.1372070312500000, 475.28, 794
8.0, 1.0, 0.95, 0.01, 10, 5578.4086914062500000, 393.96, 999
2.0, 1.0, 0.99, 0.03, 10, 5600.4350585937500000, 833.14, 741
8.0, 1.0, 0.90, 0.05, 5, 5699.0556640625000000, 316.75, 986
1.0, 2.0, 0.80, 0.00, 3, 5850.8476562500000000, 108.67, 150
4.0, 1.0, 0.95, 0.02, 30, 5574.6962890625000000, 293.01, 857
4.0, 1.0, 0.85, 0.02, 10, 5640.1923828125000000, 212.44, 795
1.0, 2.0, 0.80, 0.00, 4, 5812.8549804687500000, 105.39, 151
4.0, 1.0, 0.90, 0.02, 20, 5589.5776367187500000, 244.25, 826
8.0, 1.0, 0.80, 0.03, 30, 5566.8886718750000000, 258.66, 923
8.0, 1.0, 0.99, 0.01, 10, 5561.3559570312500000, 521.66, 1029
8.0, 1.0, 0.95, 0.01, 20, 5602.4926757812500000, 239.17, 1000
8.0, 1.0, 0.99, 0.05, 10, 5656.1352539062500000, 333.18, 1047
1.0, 2.0, 0.80, 0.00, 5, 5851.4506835937500000, 105.98, 152
1.0, 2.0, 0.99, 0.02, 10, 5597.8549804687500000, 555.58, 285
8.0, 1.0, 0.80, 0.05, 3, 5846.2563476562500000, 103.77, 924
4.0, 1.0, 0.90, 0.02, 30, 5628.1572265625000000, 153.17, 827
8.0, 1.0, 0.90, 0.05, 10, 5623.8413085937500000, 305.94, 987
4.0, 1.0, 0.85, 0.02, 20, 5600.5063476562500000, 188.04, 796
4.0, 1.0, 0.95, 0.03, 3, 5822.6625976562500000, 236.34, 858
1.0, 2.0, 0.80, 0.00, 10, 5687.8261718750000000, 101.84, 153
4.0, 1.0, 0.99, 0.02, 10, 5595.2333984375000000, 453.59, 885
4.0, 1.0, 0.99, 0.00, 10, 5596.2167968750000000, 493.01, 873
2.0, 1.0, 0.95, 0.01, 5, 5625.8325195312500000, 484.75, 698
8.0, 1.0, 0.90, 0.05, 20, 5597.0903320312500000, 110.08, 988
4.0, 1.0, 0.99, 0.02, 20, 5706.4785156250000000, 66.06, 886
1.0, 4.0, 0.99, 0.05, 3, 5730.4589843750000000, 755.50, 444
4.0, 1.0, 0.99, 0.00, 20, 5706.4785156250000000, 76.77, 874
1.0, 2.0, 0.80, 0.00, 20, 5739.9326171875000000, 92.14, 154
4.0, 1.0, 0.95, 0.03, 4, 5843.3715820312500000, 131.52, 859
8.0, 1.0, 0.95, 0.01, 30, 5585.2709960937500000, 297.48, 1001
4.0, 1.0, 0.90, 0.03, 3, 5824.4438476562500000, 224.87, 828
1.0, 2.0, 0.80, 0.00, 30, 5656.6049804687500000, 98.54, 155
1.0, 2.0, 0.99, 0.02, 20, 5612.1118164062500000, 336.91, 286
8.0, 1.0, 0.99, 0.01, 20, 5581.8676757812500000, 447.79, 1030
2.0, 1.0, 0.99, 0.03, 20, 5590.0048828125000000, 635.95, 742
2.0, 1.0, 0.95, 0.01, 10, 5606.7255859375000000, 292.57, 699
4.0, 1.0, 0.95, 0.03, 5, 5639.6875000000000000, 211.42, 860
4.0, 1.0, 0.99, 0.00, 30, 5592.0268554687500000, 362.96, 875
8.0, 1.0, 0.99, 0.05, 20, 5595.0229492187500000, 623.06, 1048
1.0, 4.0, 0.99, 0.05, 4, 5691.6323242187500000, 404.66, 445
2.0, 1.0, 0.95, 0.01, 20, 5591.2456054687500000, 224.55, 700
8.0, 1.0, 0.99, 0.01, 30, 5582.6953125000000000, 299.15, 1031
1.0, 2.0, 0.99, 0.02, 30, 5598.6342773437500000, 361.15, 287
1.0, 2.0, 0.80, 0.01, 3, 5668.1440429687500000, 416.59, 156
8.0, 1.0, 0.99, 0.02, 3, 5947.0205078125000000, 84.49, 1032
4.0, 1.0, 0.99, 0.02, 30, 5576.5888671875000000, 602.73, 887
2.0, 1.0, 0.99, 0.01, 5, 5588.9858398437500000, 1293.65, 728
8.0, 1.0, 0.99, 0.05, 30, 5595.9228515625000000, 378.58, 1049
4.0, 1.0, 0.99, 0.03, 3, 5886.1616210937500000, 206.20, 888
8.0, 1.0, 0.95, 0.02, 3, 5617.0014648437500000, 744.06, 1002
1.0, 2.0, 0.80, 0.01, 4, 5682.3383789062500000, 314.44, 157
2.0, 1.0, 0.99, 0.03, 30, 5579.8256835937500000, 734.12, 743
1.0, 4.0, 0.99, 0.05, 5, 5648.5957031250000000, 524.16, 446
4.0, 1.0, 0.99, 0.03, 4, 5797.0839843750000000, 315.71, 889
2.0, 1.0, 0.99, 0.05, 3, 6056.9614257812500000, 199.04, 744
1.0, 4.0, 0.99, 0.05, 10, 5659.5361328125000000, 225.98, 447
1.0, 2.0, 0.80, 0.01, 5, 5645.2509765625000000, 327.45, 158
8.0, 1.0, 0.99, 0.02, 4, 5610.1831054687500000, 649.91, 1033
2.0, 1.0, 0.99, 0.05, 4, 5955.6171875000000000, 207.32, 745
1.0, 2.0, 0.99, 0.03, 3, 5620.8188476562500000, 859.74, 288
1.0, 4.0, 0.99, 0.05, 20, 5619.8354492187500000, 224.16, 448
4.0, 1.0, 0.99, 0.03, 5, 5722.0869140625000000, 278.23, 890
1.0, 2.0, 0.80, 0.01, 10, 5611.7719726562500000, 283.36, 159
1.0, 4.0, 0.99, 0.05, 30, 5619.0087890625000000, 169.73, 449
2.0, 1.0, 0.99, 0.01, 10, 5584.9208984375000000, 905.06, 729
1.0, 8.0, 0.80, 0.00, 3, 6320.8125000000000000, 56.95, 450
8.0, 1.0, 0.95, 0.02, 4, 5601.0205078125000000, 815.40, 1003
1.0, 8.0, 0.80, 0.00, 4, 5941.5668945312500000, 55.69, 451
1.0, 2.0, 0.80, 0.01, 20, 5724.7802734375000000, 269.03, 160
1.0, 8.0, 0.80, 0.00, 5, 6023.4541015625000000, 58.71, 452
2.0, 1.0, 0.99, 0.05, 5, 5820.9770507812500000, 400.51, 746
1.0, 8.0, 0.80, 0.00, 10, 5838.5375976562500000, 50.53, 453
1.0, 8.0, 0.80, 0.00, 20, 5689.0058593750000000, 51.00, 454
1.0, 8.0, 0.80, 0.00, 30, 5716.0742187500000000, 47.89, 455
4.0, 1.0, 0.99, 0.01, 3, 5636.3422851562500000, 1517.09, 876
1.0, 2.0, 0.80, 0.01, 30, 5634.3852539062500000, 182.78, 161
1.0, 8.0, 0.80, 0.01, 3, 6320.8125000000000000, 56.45, 456
8.0, 1.0, 0.99, 0.02, 5, 5573.8256835937500000, 737.11, 1034
2.0, 1.0, 0.99, 0.05, 10, 5707.3344726562500000, 227.81, 747
4.0, 1.0, 0.99, 0.03, 10, 5610.8833007812500000, 576.22, 891
1.0, 8.0, 0.80, 0.01, 4, 5941.5668945312500000, 55.59, 457
4.0, 1.0, 0.99, 0.03, 20, 5706.4785156250000000, 66.26, 892
1.0, 8.0, 0.80, 0.01, 5, 6023.4541015625000000, 55.01, 458
1.0, 8.0, 0.80, 0.01, 10, 5838.5375976562500000, 50.80, 459
2.0, 1.0, 0.99, 0.01, 20, 5584.0546875000000000, 554.13, 730
1.0, 8.0, 0.80, 0.01, 20, 5689.0058593750000000, 49.09, 460
1.0, 2.0, 0.99, 0.03, 4, 5640.5610351562500000, 770.46, 289
1.0, 8.0, 0.80, 0.01, 30, 5716.0742187500000000, 50.45, 461
1.0, 8.0, 0.80, 0.02, 3, 6320.8125000000000000, 59.29, 462
1.0, 8.0, 0.80, 0.02, 4, 5941.5668945312500000, 55.91, 463
1.0, 2.0, 0.80, 0.02, 3, 5653.6840820312500000, 451.63, 162
1.0, 8.0, 0.80, 0.02, 5, 6023.4541015625000000, 53.53, 464
1.0, 8.0, 0.80, 0.02, 10, 5838.5375976562500000, 51.95, 465
2.0, 1.0, 0.99, 0.05, 20, 5623.5913085937500000, 448.43, 748
1.0, 8.0, 0.80, 0.02, 20, 5689.0058593750000000, 52.56, 466
8.0, 1.0, 0.95, 0.02, 5, 5604.9345703125000000, 849.51, 1004
2.0, 1.0, 0.99, 0.01, 30, 5575.7436523437500000, 377.35, 731
1.0, 8.0, 0.80, 0.02, 30, 5716.0742187500000000, 49.10, 467
8.0, 1.0, 0.99, 0.02, 10, 5598.0351562500000000, 559.37, 1035
1.0, 8.0, 0.80, 0.03, 3, 6320.8125000000000000, 57.24, 468
1.0, 8.0, 0.80, 0.03, 4, 5941.5668945312500000, 56.93, 469
1.0, 8.0, 0.80, 0.03, 5, 6023.4541015625000000, 56.98, 470
1.0, 8.0, 0.80, 0.03, 10, 5838.5375976562500000, 51.09, 471
2.0, 1.0, 0.99, 0.02, 3, 5942.3178710937500000, 267.93, 732
1.0, 8.0, 0.80, 0.03, 20, 5689.0058593750000000, 51.12, 472
1.0, 8.0, 0.80, 0.03, 30, 5716.0742187500000000, 50.47, 473
1.0, 2.0, 0.80, 0.02, 4, 5673.1342773437500000, 507.23, 163
1.0, 8.0, 0.80, 0.05, 3, 6320.8125000000000000, 58.07, 474
1.0, 8.0, 0.80, 0.05, 4, 5941.5668945312500000, 55.75, 475
1.0, 8.0, 0.80, 0.05, 5, 6023.4541015625000000, 55.30, 476
1.0, 2.0, 0.99, 0.03, 5, 5584.8652343750000000, 889.24, 290
1.0, 8.0, 0.80, 0.05, 10, 5838.5375976562500000, 53.23, 477
1.0, 2.0, 0.80, 0.02, 5, 5661.6484375000000000, 250.14, 164
1.0, 8.0, 0.80, 0.05, 20, 5689.0058593750000000, 51.48, 478
8.0, 1.0, 0.99, 0.02, 20, 5564.9414062500000000, 595.73, 1036
1.0, 8.0, 0.80, 0.05, 30, 5716.0742187500000000, 49.70, 479
1.0, 8.0, 0.85, 0.00, 3, 6049.0112304687500000, 61.22, 480
1.0, 8.0, 0.85, 0.00, 4, 6167.1430664062500000, 57.09, 481
1.0, 2.0, 0.80, 0.02, 10, 5621.0566406250000000, 179.49, 165
1.0, 8.0, 0.85, 0.00, 5, 6094.0893554687500000, 55.97, 482
1.0, 8.0, 0.85, 0.00, 10, 5754.4785156250000000, 52.43, 483
1.0, 8.0, 0.85, 0.00, 20, 5762.0297851562500000, 49.76, 484
1.0, 2.0, 0.99, 0.03, 10, 5602.8872070312500000, 442.84, 291
1.0, 8.0, 0.85, 0.00, 30, 5664.3349609375000000, 53.90, 485
1.0, 8.0, 0.85, 0.01, 3, 6049.0112304687500000, 62.71, 486
1.0, 2.0, 0.80, 0.02, 20, 5663.6655273437500000, 300.67, 166
1.0, 8.0, 0.85, 0.01, 4, 6167.1430664062500000, 53.52, 487
1.0, 8.0, 0.85, 0.01, 5, 6094.0893554687500000, 54.02, 488
1.0, 8.0, 0.85, 0.01, 10, 5754.4785156250000000, 53.30, 489
1.0, 8.0, 0.85, 0.01, 20, 5762.0297851562500000, 48.34, 490
1.0, 2.0, 0.80, 0.02, 30, 5626.1083984375000000, 202.83, 167
1.0, 8.0, 0.85, 0.01, 30, 5664.3349609375000000, 50.97, 491
1.0, 8.0, 0.85, 0.02, 3, 6049.0112304687500000, 59.61, 492
1.0, 2.0, 0.99, 0.03, 20, 5609.5996093750000000, 406.07, 292
1.0, 8.0, 0.85, 0.02, 4, 6167.1430664062500000, 55.44, 493
1.0, 8.0, 0.85, 0.02, 5, 6094.0893554687500000, 53.96, 494
1.0, 8.0, 0.85, 0.02, 10, 5754.4785156250000000, 51.10, 495
1.0, 8.0, 0.85, 0.02, 20, 5762.0297851562500000, 50.41, 496
1.0, 2.0, 0.80, 0.03, 3, 5643.6396484375000000, 292.60, 168
1.0, 8.0, 0.85, 0.02, 30, 5698.3466796875000000, 47.42, 497
1.0, 2.0, 0.99, 0.03, 30, 5588.1274414062500000, 268.70, 293
1.0, 8.0, 0.85, 0.03, 3, 6049.0112304687500000, 57.50, 498
1.0, 8.0, 0.85, 0.03, 4, 6167.1430664062500000, 56.56, 499
1.0, 8.0, 0.85, 0.03, 5, 6094.0893554687500000, 56.05, 500
1.0, 2.0, 0.85, 0.00, 4, 5844.0703125000000000, 75.34, 181
1.0, 2.0, 0.90, 0.00, 4, 5920.6625976562500000, 81.16, 211
1.0, 4.0, 0.80, 0.00, 20, 5718.3330078125000000, 47.32, 304
1.0, 4.0, 0.80, 0.01, 10, 5742.0937500000000000, 50.58, 309
1.0, 4.0, 0.85, 0.01, 10, 5723.7524414062500000, 53.74, 339
1.0, 4.0, 0.85, 0.02, 5, 5772.6416015625000000, 55.13, 344
1.0, 4.0, 0.90, 0.01, 10, 5754.7470703125000000, 56.99, 369
1.0, 2.0, 0.95, 0.00, 4, 5748.2246093750000000, 107.37, 241
1.0, 4.0, 0.85, 0.00, 20, 5680.8593750000000000, 60.07, 334
1.0, 4.0, 0.80, 0.02, 5, 5902.4326171875000000, 63.64, 314
1.0, 4.0, 0.90, 0.00, 20, 5671.9194335937500000, 62.13, 364
1.0, 4.0, 0.90, 0.03, 4, 5833.6215820312500000, 66.31, 379
1.0, 8.0, 0.85, 0.03, 20, 5762.0297851562500000, 46.11, 502
1.0, 8.0, 0.85, 0.05, 30, 5664.3349609375000000, 48.78, 509
1.0, 8.0, 0.85, 0.05, 20, 5762.0297851562500000, 55.48, 508
1.0, 8.0, 0.85, 0.03, 10, 5754.4785156250000000, 58.63, 501
1.0, 8.0, 0.85, 0.03, 30, 5664.3349609375000000, 58.37, 503
1.0, 8.0, 0.85, 0.05, 10, 5754.4785156250000000, 58.69, 507
1.0, 8.0, 0.90, 0.00, 3, 5956.9702148437500000, 58.67, 510
1.0, 4.0, 0.85, 0.03, 4, 5850.5234375000000000, 84.05, 349
1.0, 8.0, 0.85, 0.05, 4, 6167.1430664062500000, 62.53, 505
1.0, 8.0, 0.85, 0.05, 5, 6094.0893554687500000, 62.39, 506
1.0, 8.0, 0.85, 0.05, 3, 6049.0112304687500000, 66.48, 504
1.0, 4.0, 0.80, 0.00, 30, 5640.5156250000000000, 46.80, 305
1.0, 2.0, 0.85, 0.00, 5, 5800.6635742187500000, 69.90, 182
1.0, 4.0, 0.80, 0.01, 20, 5718.3330078125000000, 47.77, 310
1.0, 2.0, 0.85, 0.03, 4, 5658.3310546875000000, 150.73, 199
1.0, 4.0, 0.90, 0.02, 5, 5763.7001953125000000, 101.08, 374
1.0, 4.0, 0.85, 0.01, 20, 5680.8593750000000000, 52.11, 340
1.0, 4.0, 0.85, 0.02, 10, 5723.7524414062500000, 52.49, 345
1.0, 4.0, 0.90, 0.01, 20, 5671.9194335937500000, 52.74, 370
1.0, 2.0, 0.90, 0.00, 5, 5832.9370117187500000, 82.38, 212
1.0, 4.0, 0.80, 0.05, 30, 5635.2407226562500000, 120.49, 329
1.0, 4.0, 0.85, 0.00, 30, 5673.3959960937500000, 62.10, 335
1.0, 4.0, 0.80, 0.02, 10, 5742.0937500000000000, 60.62, 315
1.0, 4.0, 0.90, 0.00, 30, 5665.8183593750000000, 63.84, 365
1.0, 4.0, 0.85, 0.05, 30, 5666.3720703125000000, 136.89, 359
1.0, 4.0, 0.85, 0.03, 5, 5772.6416015625000000, 55.37, 350
1.0, 4.0, 0.80, 0.01, 30, 5640.5156250000000000, 46.40, 311
1.0, 2.0, 0.85, 0.05, 4, 5653.6245117187500000, 197.99, 205
1.0, 4.0, 0.80, 0.01, 3, 6133.7529296875000000, 55.42, 306
1.0, 4.0, 0.85, 0.01, 30, 5673.3959960937500000, 48.65, 341
1.0, 4.0, 0.85, 0.02, 20, 5680.8593750000000000, 49.68, 346
1.0, 4.0, 0.90, 0.02, 10, 5754.7470703125000000, 56.93, 375
1.0, 2.0, 0.95, 0.00, 5, 5691.1752929687500000, 101.19, 242
1.0, 2.0, 0.85, 0.00, 10, 5770.5039062500000000, 65.91, 183
1.0, 2.0, 0.90, 0.03, 4, 5631.9028320312500000, 210.64, 229
1.0, 4.0, 0.90, 0.01, 30, 5665.8183593750000000, 52.92, 371
1.0, 2.0, 0.95, 0.02, 4, 5631.5131835937500000, 223.25, 253
1.0, 2.0, 0.85, 0.02, 4, 5661.7128906250000000, 225.56, 193
1.0, 4.0, 0.80, 0.02, 20, 5718.3330078125000000, 56.97, 316
1.0, 2.0, 0.90, 0.02, 4, 5622.0209960937500000, 230.68, 223
1.0, 2.0, 0.90, 0.00, 10, 5805.1206054687500000, 71.81, 213
1.0, 4.0, 0.85, 0.00, 3, 6078.2685546875000000, 70.09, 330
1.0, 4.0, 0.85, 0.03, 10, 5722.7792968750000000, 50.82, 351
1.0, 4.0, 0.85, 0.01, 3, 6078.2685546875000000, 70.77, 336
1.0, 4.0, 0.80, 0.01, 4, 6159.4931640625000000, 51.63, 307
1.0, 4.0, 0.80, 0.02, 3, 6019.3720703125000000, 58.10, 312
1.0, 4.0, 0.85, 0.02, 30, 5673.3959960937500000, 46.89, 347
1.0, 4.0, 0.90, 0.01, 3, 5812.4047851562500000, 81.74, 366
1.0, 4.0, 0.90, 0.03, 5, 5764.0024414062500000, 142.14, 380
1.0, 4.0, 0.90, 0.02, 20, 5671.9194335937500000, 52.52, 376
1.0, 2.0, 0.80, 0.03, 4, 5693.4892578125000000, 267.72, 169
1.0, 4.0, 0.90, 0.00, 3, 5826.8637695312500000, 79.54, 360
1.0, 2.0, 0.85, 0.00, 20, 5680.8720703125000000, 61.68, 184
1.0, 4.0, 0.85, 0.05, 3, 5898.0219726562500000, 224.36, 354
1.0, 4.0, 0.90, 0.02, 3, 5813.5078125000000000, 65.48, 372
1.0, 4.0, 0.80, 0.02, 30, 5640.5156250000000000, 55.61, 317
1.0, 4.0, 0.85, 0.03, 20, 5680.1176757812500000, 53.36, 352
1.0, 4.0, 0.85, 0.02, 3, 6073.0209960937500000, 92.15, 342
1.0, 4.0, 0.80, 0.01, 5, 5902.4326171875000000, 52.58, 308
1.0, 4.0, 0.80, 0.02, 4, 6159.4931640625000000, 52.64, 313
1.0, 2.0, 0.90, 0.00, 20, 5625.0961914062500000, 72.49, 214
1.0, 4.0, 0.85, 0.00, 4, 5850.5234375000000000, 71.20, 331
1.0, 4.0, 0.85, 0.03, 3, 6078.2685546875000000, 58.14, 348
1.0, 2.0, 0.95, 0.00, 10, 5741.7812500000000000, 103.14, 243
1.0, 2.0, 0.85, 0.01, 4, 5685.4848632812500000, 314.40, 187
1.0, 4.0, 0.85, 0.01, 4, 5846.6293945312500000, 70.92, 337
1.0, 4.0, 0.90, 0.02, 30, 5665.8183593750000000, 53.60, 377
1.0, 4.0, 0.90, 0.03, 10, 5754.7470703125000000, 56.14, 381
1.0, 4.0, 0.90, 0.01, 4, 5887.2695312500000000, 72.02, 367
1.0, 2.0, 0.80, 0.05, 4, 5705.0356445312500000, 333.82, 175
1.0, 2.0, 0.85, 0.00, 30, 5632.8266601562500000, 62.14, 185
1.0, 4.0, 0.80, 0.03, 4, 6073.5258789062500000, 285.50, 319
1.0, 4.0, 0.90, 0.02, 4, 5887.2695312500000000, 59.88, 373
1.0, 4.0, 0.90, 0.00, 4, 5912.7065429687500000, 72.40, 361
1.0, 2.0, 0.99, 0.05, 30, 5578.2187500000000000, 291.89, 299
1.0, 4.0, 0.85, 0.03, 30, 5673.3959960937500000, 48.72, 353
1.0, 2.0, 0.85, 0.03, 5, 5637.9130859375000000, 206.50, 200
1.0, 4.0, 0.85, 0.02, 4, 5850.5234375000000000, 61.83, 343
1.0, 2.0, 0.90, 0.01, 4, 5627.2065429687500000, 365.19, 217
1.0, 4.0, 0.90, 0.03, 20, 5671.8422851562500000, 55.63, 382
1.0, 4.0, 0.90, 0.03, 3, 5857.8334960937500000, 61.02, 378
1.0, 2.0, 0.90, 0.00, 30, 5663.7890625000000000, 70.19, 215
1.0, 4.0, 0.85, 0.00, 5, 5772.6416015625000000, 67.35, 332
1.0, 4.0, 0.80, 0.03, 3, 5876.3222656250000000, 94.23, 318
1.0, 4.0, 0.85, 0.01, 5, 5772.6416015625000000, 66.89, 338
1.0, 2.0, 0.95, 0.01, 4, 5630.9272460937500000, 394.85, 247
1.0, 4.0, 0.80, 0.00, 3, 6116.0146484375000000, 57.71, 300
1.0, 4.0, 0.80, 0.03, 5, 5902.4326171875000000, 63.79, 320
1.0, 2.0, 0.95, 0.00, 20, 5634.4023437500000000, 87.23, 244
1.0, 4.0, 0.90, 0.01, 5, 5773.2133789062500000, 71.54, 368
1.0, 2.0, 0.85, 0.05, 5, 5643.6582031250000000, 206.81, 206
1.0, 4.0, 0.90, 0.00, 5, 5773.2133789062500000, 71.82, 362
1.0, 2.0, 0.90, 0.03, 5, 5637.4575195312500000, 206.27, 230
1.0, 2.0, 0.85, 0.02, 5, 5663.5678710937500000, 193.63, 194
1.0, 2.0, 0.80, 0.03, 5, 5608.4951171875000000, 173.87, 170
1.0, 4.0, 0.85, 0.00, 10, 5723.7524414062500000, 63.16, 333
1.0, 4.0, 0.80, 0.00, 4, 6159.4931640625000000, 51.27, 301
1.0, 4.0, 0.80, 0.05, 3, 5813.6225585937500000, 419.16, 324
1.0, 2.0, 0.85, 0.03, 10, 5661.9965820312500000, 113.76, 201
1.0, 2.0, 0.80, 0.05, 5, 5669.4956054687500000, 142.25, 176
1.0, 4.0, 0.90, 0.00, 10, 5754.7470703125000000, 71.97, 363
1.0, 2.0, 0.95, 0.00, 30, 5629.8437500000000000, 89.79, 245
1.0, 2.0, 0.90, 0.02, 5, 5651.3828125000000000, 263.24, 224
1.0, 4.0, 0.80, 0.00, 5, 5902.4326171875000000, 52.61, 302
1.0, 2.0, 0.90, 0.05, 4, 5567.8676757812500000, 500.95, 235
1.0, 2.0, 0.95, 0.02, 5, 5587.6328125000000000, 293.91, 254
1.0, 2.0, 0.85, 0.05, 10, 5649.0854492187500000, 145.44, 207
1.0, 4.0, 0.80, 0.00, 10, 5742.0937500000000000, 50.54, 303
1.0, 2.0, 0.90, 0.01, 5, 5711.1298828125000000, 188.88, 218
1.0, 2.0, 0.80, 0.03, 10, 5590.5258789062500000, 118.53, 171
1.0, 2.0, 0.85, 0.01, 5, 5664.5791015625000000, 263.06, 188
1.0, 4.0, 0.80, 0.03, 10, 5727.3144531250000000, 199.14, 321
1.0, 2.0, 0.90, 0.01, 3, 5607.9956054687500000, 237.73, 216
1.0, 2.0, 0.90, 0.02, 10, 5698.5039062500000000, 132.76, 225
1.0, 2.0, 0.85, 0.02, 10, 5630.9125976562500000, 215.57, 195
1.0, 2.0, 0.80, 0.05, 10, 5633.6708984375000000, 194.97, 177
1.0, 2.0, 0.85, 0.01, 3, 5726.8134765625000000, 340.58, 186
1.0, 2.0, 0.90, 0.03, 10, 5639.3403320312500000, 268.34, 231
1.0, 2.0, 0.85, 0.03, 20, 5613.5419921875000000, 228.61, 202
1.0, 2.0, 0.95, 0.01, 5, 5632.6430664062500000, 315.32, 248
1.0, 2.0, 0.85, 0.05, 20, 5600.4731445312500000, 162.68, 208
1.0, 4.0, 0.80, 0.03, 20, 5715.5996093750000000, 149.56, 322
1.0, 2.0, 0.95, 0.01, 3, 5625.2529296875000000, 273.44, 246
1.0, 2.0, 0.80, 0.03, 20, 5669.8710937500000000, 211.31, 172
1.0, 2.0, 0.85, 0.02, 20, 5619.0073242187500000, 140.59, 196
1.0, 2.0, 0.90, 0.02, 20, 5603.6450195312500000, 154.93, 226
1.0, 2.0, 0.90, 0.03, 20, 5600.8476562500000000, 109.00, 232
1.0, 4.0, 0.85, 0.05, 4, 5694.6601562500000000, 520.48, 355
1.0, 2.0, 0.85, 0.03, 30, 5614.0424804687500000, 111.16, 203
1.0, 2.0, 0.85, 0.01, 10, 5624.7670898437500000, 241.44, 189
1.0, 2.0, 0.99, 0.05, 3, 5643.2387695312500000, 779.98, 294
1.0, 4.0, 0.80, 0.05, 4, 5907.1269531250000000, 362.09, 325
1.0, 2.0, 0.90, 0.05, 5, 5638.5336914062500000, 330.06, 236
1.0, 4.0, 0.80, 0.03, 30, 5638.8232421875000000, 96.23, 323
1.0, 2.0, 0.85, 0.05, 30, 5609.2377929687500000, 134.97, 209
1.0, 2.0, 0.85, 0.02, 30, 5620.5146484375000000, 87.62, 197
1.0, 2.0, 0.80, 0.03, 30, 5605.9013671875000000, 122.08, 173
1.0, 2.0, 0.90, 0.01, 10, 5698.4624023437500000, 370.97, 219
1.0, 2.0, 0.90, 0.00, 3, 5772.2441406250000000, 84.93, 210
1.0, 2.0, 0.90, 0.02, 30, 5621.8442382812500000, 176.04, 227
1.0, 2.0, 0.80, 0.05, 20, 5631.7534179687500000, 307.27, 178
1.0, 2.0, 0.95, 0.01, 10, 5619.5078125000000000, 306.38, 249
1.0, 2.0, 0.85, 0.01, 20, 5643.2319335937500000, 220.99, 190
1.0, 2.0, 0.85, 0.03, 3, 5685.6406250000000000, 178.67, 198
1.0, 2.0, 0.90, 0.03, 30, 5606.3325195312500000, 263.65, 233
1.0, 2.0, 0.90, 0.01, 20, 5606.5341796875000000, 170.20, 220
1.0, 2.0, 0.80, 0.05, 3, 5653.5390625000000000, 207.30, 174
1.0, 2.0, 0.90, 0.05, 10, 5644.7446289062500000, 275.91, 237
1.0, 4.0, 0.85, 0.05, 5, 5645.9233398437500000, 312.84, 356
1.0, 2.0, 0.85, 0.05, 3, 5648.5693359375000000, 308.80, 204
1.0, 4.0, 0.80, 0.05, 5, 5743.9418945312500000, 290.26, 326
1.0, 2.0, 0.90, 0.03, 3, 5588.5463867187500000, 163.01, 228
1.0, 2.0, 0.80, 0.05, 30, 5578.6811523437500000, 214.76, 179
1.0, 2.0, 0.85, 0.01, 30, 5620.9858398437500000, 207.06, 191
1.0, 2.0, 0.95, 0.01, 20, 5634.7011718750000000, 241.86, 250
1.0, 2.0, 0.85, 0.00, 3, 5946.1279296875000000, 73.55, 180
1.0, 2.0, 0.90, 0.01, 30, 5635.7895507812500000, 172.06, 221
1.0, 2.0, 0.90, 0.05, 3, 5635.0561523437500000, 222.54, 234
1.0, 2.0, 0.90, 0.05, 20, 5600.1391601562500000, 202.74, 238
1.0, 4.0, 0.85, 0.05, 10, 5690.5449218750000000, 259.29, 357
1.0, 2.0, 0.90, 0.02, 3, 5602.3095703125000000, 168.24, 222
1.0, 2.0, 0.85, 0.02, 3, 5681.2138671875000000, 222.40, 192
1.0, 2.0, 0.99, 0.05, 4, 5659.5800781250000000, 652.80, 295
1.0, 2.0, 0.95, 0.01, 30, 5587.6855468750000000, 293.17, 251
1.0, 4.0, 0.85, 0.05, 20, 5666.5820312500000000, 189.75, 358
1.0, 2.0, 0.90, 0.05, 30, 5603.6645507812500000, 270.26, 239
1.0, 4.0, 0.80, 0.05, 10, 5691.3876953125000000, 528.97, 327
1.0, 2.0, 0.95, 0.00, 3, 5816.3334960937500000, 108.31, 240
1.0, 2.0, 0.95, 0.02, 3, 5605.0097656250000000, 338.26, 252
1.0, 4.0, 0.80, 0.05, 20, 5654.7485351562500000, 364.12, 328
1.0, 2.0, 0.99, 0.05, 5, 5574.4077148437500000, 553.56, 296
1.0, 2.0, 0.99, 0.05, 10, 5622.0761718750000000, 515.28, 297
1.0, 2.0, 0.99, 0.05, 20, 5609.6821289062500000, 417.50, 298
1.0, 1.0, 0.99, 0.00, 4, 6209.1450195312500000, 53.06, 121
1.0, 1.0, 0.95, 0.05, 4, 6027.7124023437500000, 84.88, 115
1.0, 1.0, 0.95, 0.03, 4, 5989.9526367187500000, 86.38, 109
1.0, 1.0, 0.95, 0.05, 3, 6160.7475585937500000, 94.92, 114
1.0, 1.0, 0.95, 0.02, 3, 6086.1655273437500000, 104.36, 102
1.0, 1.0, 0.95, 0.00, 30, 5622.1997070312500000, 106.92, 95
1.0, 1.0, 0.95, 0.05, 5, 5984.3134765625000000, 102.07, 116
1.0, 1.0, 0.95, 0.00, 10, 5680.9794921875000000, 119.36, 93
1.0, 1.0, 0.95, 0.00, 20, 5663.1079101562500000, 130.26, 94
1.0, 1.0, 0.95, 0.03, 3, 6106.5410156250000000, 131.37, 108
1.0, 1.0, 0.95, 0.05, 10, 5783.4589843750000000, 132.71, 117
1.0, 1.0, 0.95, 0.03, 5, 5853.1694335937500000, 140.90, 110
1.0, 4.0, 0.90, 0.03, 30, 5665.8183593750000000, 52.98, 383
1.0, 8.0, 0.90, 0.00, 4, 5806.1733398437500000, 57.36, 511
1.0, 1.0, 0.95, 0.00, 5, 5674.1489257812500000, 173.99, 92
1.0, 1.0, 0.95, 0.03, 30, 5612.6191406250000000, 166.37, 113
1.0, 1.0, 0.95, 0.00, 4, 5722.2524414062500000, 177.83, 91
1.0, 1.0, 0.95, 0.02, 5, 5798.3535156250000000, 187.07, 104
1.0, 8.0, 0.95, 0.00, 3, 5955.0107421875000000, 65.04, 540
1.0, 1.0, 0.95, 0.05, 30, 5583.7817382812500000, 180.70, 119
1.0, 1.0, 0.95, 0.00, 3, 5721.0800781250000000, 205.33, 90
1.0, 1.0, 0.95, 0.01, 30, 5571.7070312500000000, 244.48, 101
1.0, 1.0, 0.95, 0.01, 20, 5576.9589843750000000, 252.58, 100
1.0, 1.0, 0.95, 0.02, 10, 5668.8291015625000000, 259.84, 105
1.0, 1.0, 0.99, 0.01, 4, 5920.6132812500000000, 253.95, 127
1.0, 1.0, 0.95, 0.02, 20, 5598.7797851562500000, 271.21, 106
1.0, 1.0, 0.95, 0.02, 4, 5859.7343750000000000, 282.41, 103
1.0, 1.0, 0.99, 0.01, 5, 5780.8168945312500000, 289.08, 128
1.0, 1.0, 0.99, 0.00, 20, 5591.2978515625000000, 302.78, 124
1.0, 1.0, 0.95, 0.02, 30, 5613.9223632812500000, 306.41, 107
1.0, 1.0, 0.99, 0.00, 30, 5589.1772460937500000, 325.66, 125
1.0, 1.0, 0.95, 0.03, 20, 5598.3344726562500000, 345.08, 112
1.0, 1.0, 0.95, 0.01, 5, 5624.2670898437500000, 362.09, 98
1.0, 1.0, 0.95, 0.03, 10, 5624.5415039062500000, 376.44, 111
1.0, 1.0, 0.99, 0.00, 10, 5631.8076171875000000, 437.81, 123
1.0, 2.0, 0.95, 0.02, 10, 5596.2153320312500000, 381.30, 255
1.0, 1.0, 0.99, 0.00, 3, 5652.1904296875000000, 468.85, 120
1.0, 1.0, 0.99, 0.01, 3, 5741.7290039062500000, 554.93, 126
1.0, 1.0, 0.95, 0.01, 10, 5577.6591796875000000, 606.25, 99
1.0, 1.0, 0.95, 0.01, 3, 5685.6831054687500000, 656.48, 96
1.0, 1.0, 0.95, 0.05, 20, 5606.3051757812500000, 674.60, 118
1.0, 1.0, 0.99, 0.00, 5, 5631.4321289062500000, 751.86, 122
1.0, 1.0, 0.95, 0.01, 4, 5621.7368164062500000, 798.35, 97
1.0, 1.0, 0.99, 0.01, 10, 5597.4619140625000000, 989.08, 129
